Unix,Date,Symbol,Open,High,Low,Close,Volume BTC,Volume USDT,tradecount
1765065600000,2025-12-07,BTCUSDT,89236.8,91760.0,87719.28,90395.31,13021.11185,1167866486.8455212,3953071
1764979200000,2025-12-06,BTCUSDT,89330.04,90289.97,88908.01,89236.79,8409.50016,753420679.8063259,2482221
1764892800000,2025-12-05,BTCUSDT,92078.06,92692.36,88056.0,89330.04,19792.97218,1788436983.8106546,5520352
1764806400000,2025-12-04,BTCUSDT,93429.95,94080.0,90889.0,92078.06,19803.94059,1836645629.3346202,5856049
1764720000000,2025-12-03,BTCUSDT,91277.88,94150.0,90990.23,93429.95,25712.52585,2386223626.8613906,6733182
1764633600000,2025-12-02,BTCUSDT,86286.01,92307.65,86184.39,91277.88,28210.22732,2519515177.662365,6397299
1764547200000,2025-12-01,BTCUSDT,90360.01,90417.0,83822.76,86286.01,34509.01227,2977024047.2231607,7709685
1764460800000,2025-11-30,BTCUSDT,90802.44,92000.01,90336.9,90360.0,9687.74175,884051773.1655338,2154030
1764374400000,2025-11-29,BTCUSDT,90890.71,91165.65,90155.47,90802.44,7429.88291,673725652.9787655,1677860
1764288000000,2025-11-28,BTCUSDT,91333.94,93092.0,90180.63,90890.7,18830.86012,1721418035.0795596,4229754
1764201600000,2025-11-27,BTCUSDT,90484.01,91950.0,90089.91,91333.95,16833.50932,1535778106.578708,3920172
1764115200000,2025-11-26,BTCUSDT,87369.97,90656.08,86306.77,90484.02,21675.82239,1916851896.6699686,4668280
1764028800000,2025-11-25,BTCUSDT,88300.01,88519.99,86116.0,87369.96,19567.0411,1708989000.0389373,4838747
1763942400000,2025-11-24,BTCUSDT,86830.0,89228.0,85272.0,88300.01,24663.12795,2150393686.9203186,6189156
1763856000000,2025-11-23,BTCUSDT,84739.75,88127.64,84667.57,86830.0,19734.46418,1708685030.2798696,5063493
1763769600000,2025-11-22,BTCUSDT,85129.42,85620.0,83500.0,84739.74,14193.93263,1197657354.9690385,4697593
1763683200000,2025-11-21,BTCUSDT,86637.22,87498.94,80600.0,85129.43,72256.12679,6061348756.341564,11826480
1763596800000,2025-11-20,BTCUSDT,91554.96,93160.0,86100.0,86637.23,39733.19073,3548950335.0984216,7841395
1763510400000,2025-11-19,BTCUSDT,92960.83,92980.22,88608.0,91554.96,32286.6376,2925773651.2559576,6822174
1763424000000,2025-11-18,BTCUSDT,92215.14,93836.01,89253.78,92960.83,39835.14769,3641033186.3004575,8786593
1763337600000,2025-11-17,BTCUSDT,94261.45,96043.0,91220.0,92215.14,39218.59806,3674562070.238606,8134322
1763251200000,2025-11-16,BTCUSDT,95596.23,96635.11,93005.55,94261.44,23889.4051,2261295524.8173394,5141394
1763164800000,2025-11-15,BTCUSDT,94594.0,96846.68,94558.49,95596.24,15110.89391,1449074019.0674853,4263558
1763078400000,2025-11-14,BTCUSDT,99692.03,99866.02,94012.45,94594.0,47288.14481,4566085156.747207,9551025
1762992000000,2025-11-13,BTCUSDT,101654.37,104085.01,98000.4,99692.02,36198.50771,3654698026.540381,8125404
1762905600000,2025-11-12,BTCUSDT,103059.0,105333.33,100813.59,101654.37,20457.63906,2108514405.260877,5314132
1762819200000,2025-11-11,BTCUSDT,106011.13,107500.0,102476.09,103058.99,24196.50718,2532279071.0069213,5532149
1762732800000,2025-11-10,BTCUSDT,104722.95,106670.11,104265.02,106011.13,22682.25673,2400141664.3893414,4710957
1762646400000,2025-11-09,BTCUSDT,102312.95,105495.62,101400.0,104722.96,16338.97096,1687020822.3668208,3404204
1762560000000,2025-11-08,BTCUSDT,103339.09,103406.22,101454.0,102312.94,12390.77985,1267165565.3752701,2743819
1762473600000,2025-11-07,BTCUSDT,101346.04,104096.36,99260.86,103339.08,32059.50942,3251112979.3058844,6335759
1762387200000,2025-11-06,BTCUSDT,103885.16,104200.0,100300.95,101346.04,25814.62139,2641767846.305827,5755001
1762300800000,2025-11-05,BTCUSDT,101497.23,104534.74,98966.8,103885.16,33778.77571,3454273922.7003846,6500368
1762214400000,2025-11-04,BTCUSDT,106583.05,107299.0,98944.36,101497.22,50534.87376,5197697635.212413,9099609
1762128000000,2025-11-03,BTCUSDT,110540.69,110750.0,105306.56,106583.04,28681.18779,3076006652.001568,7074546
1762041600000,2025-11-02,BTCUSDT,110098.1,111250.01,109471.34,110540.68,12107.00087,1336870531.1415012,2652188
1761955200000,2025-11-01,BTCUSDT,109608.01,110564.49,109394.81,110098.1,7378.50431,812389216.4346799,1994214
1761868800000,2025-10-31,BTCUSDT,108322.87,111190.0,108275.28,109608.01,21518.20439,2361590437.9414105,5256872
1761782400000,2025-10-30,BTCUSDT,110021.3,111592.0,106304.34,108322.88,25988.82838,2827221287.422797,6373451
1761696000000,2025-10-29,BTCUSDT,112898.44,113643.73,109200.0,110021.29,21079.71376,2356715986.5335455,4481480
1761609600000,2025-10-28,BTCUSDT,114107.65,116086.0,112211.0,112898.45,15523.42257,1772753529.8642745,3829845
1761523200000,2025-10-27,BTCUSDT,114559.41,116400.0,113830.01,114107.65,21450.23241,2470872744.548968,3660488
1761436800000,2025-10-26,BTCUSDT,111646.27,115466.8,111260.45,114559.4,13454.47737,1525108635.874829,2463951
1761350400000,2025-10-25,BTCUSDT,111004.9,111943.19,110672.86,111646.27,6407.96864,714201332.9751225,1238199
1761264000000,2025-10-24,BTCUSDT,110078.19,112104.98,109700.01,111004.89,15005.16913,1662806764.9533324,3241022
1761177600000,2025-10-23,BTCUSDT,107567.45,111293.61,107500.0,110078.18,17573.09294,1924582289.4113936,3721614
1761091200000,2025-10-22,BTCUSDT,108297.66,109163.88,106666.69,107567.44,28610.78451,3090291706.4439816,5547903
1761004800000,2025-10-21,BTCUSDT,110532.09,114000.0,107473.72,108297.67,37228.01659,4114477849.9320545,6004063
1760918400000,2025-10-20,BTCUSDT,108642.77,111705.56,107402.52,110532.09,19193.4416,2119912185.5934684,4283542
1760832000000,2025-10-19,BTCUSDT,107185.0,109450.07,106103.36,108642.78,15480.66423,1670074079.5802343,3205640
1760745600000,2025-10-18,BTCUSDT,106431.68,107499.0,106322.2,107185.01,11123.18766,1189002999.143113,2105450
1760659200000,2025-10-17,BTCUSDT,108194.27,109240.0,103528.23,106431.68,37920.66838,4022645635.221202,7570685
1760572800000,2025-10-16,BTCUSDT,110763.28,111982.45,107427.0,108194.28,29857.17252,3277596494.7619195,6127094
1760486400000,2025-10-15,BTCUSDT,113028.13,113612.35,110164.0,110763.28,22986.48811,2569639641.3527684,5243141
1760400000000,2025-10-14,BTCUSDT,115166.0,115409.96,109866.0,113028.14,31870.32974,3578140778.8084984,7425642
1760313600000,2025-10-13,BTCUSDT,114958.81,115963.81,113616.5,115166.0,22557.24033,2591831660.985749,5739352
1760227200000,2025-10-12,BTCUSDT,110644.4,115770.0,109565.06,114958.8,32255.30272,3638546528.740156,6048575
1760140800000,2025-10-11,BTCUSDT,112774.49,113322.39,109561.59,110644.4,35448.51652,3961069473.231136,6661929
1760054400000,2025-10-10,BTCUSDT,121662.41,122550.0,102000.0,112774.5,64171.93927,7349750905.041157,11404522
1759968000000,2025-10-09,BTCUSDT,123306.01,123762.94,119651.47,121662.4,21559.36007,2621438087.566733,4231167
1759881600000,2025-10-08,BTCUSDT,121332.96,124197.25,121066.14,123306.0,17012.618,2084842842.4416165,4184997
1759795200000,2025-10-07,BTCUSDT,124658.54,125126.0,120574.94,121332.95,21633.99385,2657405799.8705487,4390785
1759708800000,2025-10-06,BTCUSDT,123482.32,126199.63,123084.0,124658.54,19494.628793,2428828952.2653184,4206167
1759622400000,2025-10-05,BTCUSDT,122390.99,125708.42,122136.0,123482.31,22043.097553,2730817470.939564,3690670
1759536000000,2025-10-04,BTCUSDT,122232.21,122800.0,121510.0,122391.0,8208.16678,1002272903.3446472,1703590
1759449600000,2025-10-03,BTCUSDT,120529.35,123894.99,119248.3,122232.0,23936.328,2907381076.681319,4246820
1759363200000,2025-10-02,BTCUSDT,118594.99,121022.07,118279.31,120529.35,19670.83503,2349861127.3445807,3472073
1759276800000,2025-10-01,BTCUSDT,114048.94,118649.1,113966.67,118594.99,20036.39516,2332096981.265933,3430343
1759190400000,2025-09-30,BTCUSDT,114311.97,114792.0,112656.27,114048.93,15044.15633,1710713267.1300957,3018331
1759104000000,2025-09-29,BTCUSDT,112163.96,114400.0,111560.65,114311.96,15541.12005,1755247635.871136,2442653
1759017600000,2025-09-28,BTCUSDT,109635.85,112350.0,109189.99,112163.95,7542.3316,832254944.3203354,1484866
1758931200000,2025-09-27,BTCUSDT,109643.46,109743.91,109064.4,109635.85,5501.78643,601947588.9970765,919594
1758844800000,2025-09-26,BTCUSDT,108994.49,110300.0,108620.07,109643.46,14243.01591,1557098915.9392595,3257155
1758758400000,2025-09-25,BTCUSDT,113307.01,113510.23,108631.51,108994.49,21231.14957,2356639689.9252143,4409953
1758672000000,2025-09-24,BTCUSDT,111998.8,113940.0,111042.66,113307.0,12369.25967,1394470628.502582,2229837
1758585600000,2025-09-23,BTCUSDT,112650.99,113290.5,111458.73,111998.8,12301.3203,1383869800.273703,2455729
1758499200000,2025-09-22,BTCUSDT,115232.29,115379.25,111800.0,112650.99,20781.71356,2348872511.6988754,3045876
1758412800000,2025-09-21,BTCUSDT,115685.63,115819.06,115188.0,115232.29,4511.52219,521299751.1504096,945965
1758326400000,2025-09-20,BTCUSDT,115632.39,116121.81,115408.47,115685.63,4674.92752,541264273.2416894,740451
1758240000000,2025-09-19,BTCUSDT,117073.53,117459.99,115100.0,115632.38,8992.09065,1045792401.4532387,1732471
1758153600000,2025-09-18,BTCUSDT,116447.6,117900.0,116092.76,117073.53,11657.23365,1367513347.4865093,2252654
1758067200000,2025-09-17,BTCUSDT,116788.96,117286.73,114720.81,116447.59,16754.2454,1946083704.6217456,3227418
1757980800000,2025-09-16,BTCUSDT,115349.71,116964.27,114737.11,116788.96,10926.9094,1265779287.5169268,2047058
1757894400000,2025-09-15,BTCUSDT,115268.01,116757.99,114384.0,115349.71,13212.51149,1522648235.2235153,2857989
1757808000000,2025-09-14,BTCUSDT,115918.29,116165.19,115135.0,115268.01,6707.60197,775762364.9685991,1237218
1757721600000,2025-09-13,BTCUSDT,116029.41,116298.78,115127.27,115918.29,8269.40394,957724220.6497613,1223635
1757635200000,2025-09-12,BTCUSDT,115482.69,116665.63,114740.99,116029.42,15324.10719,1772122269.5018637,2481491
1757548800000,2025-09-11,BTCUSDT,113960.0,115488.09,113430.0,115482.69,13676.73119,1562241144.956541,2166359
1757462400000,2025-09-10,BTCUSDT,111546.38,114313.13,110917.45,113960.0,17517.41823,1978834750.2223117,2182534
1757376000000,2025-09-09,BTCUSDT,112065.23,113293.29,110766.66,111546.39,15379.28248,1721465997.906366,2143242
1757289600000,2025-09-08,BTCUSDT,111137.35,112924.37,110621.78,112065.23,11582.40211,1295903862.4649603,1744598
1757203200000,2025-09-07,BTCUSDT,110187.98,111600.0,110180.0,111137.34,5681.29944,630447950.1588689,874961
1757116800000,2025-09-06,BTCUSDT,110660.0,111307.7,109977.0,110187.97,5000.29897,552785936.5434699,795201
1757030400000,2025-09-05,BTCUSDT,110730.87,113384.62,110206.96,110659.99,21587.40888,2413132200.623325,2970419
1756944000000,2025-09-04,BTCUSDT,111705.72,112180.0,109329.12,110730.87,12203.13536,1349031325.5320847,2230255
1756857600000,2025-09-03,BTCUSDT,111240.01,112575.27,110528.71,111705.71,11773.72084,1313762617.3436644,2214249
1756771200000,2025-09-02,BTCUSDT,109237.43,111771.52,108393.39,111240.01,18510.28756,2042681451.9016385,2596328
1756684800000,2025-09-01,BTCUSDT,108246.36,109912.4,107255.0,109237.42,16053.60219,1742516638.7811353,2729384
1756598400000,2025-08-31,BTCUSDT,108816.33,109480.02,108076.93,108246.35,9489.51596,1031806894.3513318,1366633
1756512000000,2025-08-30,BTCUSDT,108377.4,108926.15,107350.1,108816.33,10708.39159,1160666772.7387524,1411040
1756425600000,2025-08-29,BTCUSDT,112566.9,112638.64,107463.9,108377.4,22580.31045,2475492492.5775294,3606959
1756339200000,2025-08-28,BTCUSDT,111262.01,113485.9,110862.42,112566.9,11104.27744,1250788481.9453218,2066780
1756252800000,2025-08-27,BTCUSDT,111763.22,112625.0,110345.42,111262.01,13392.60875,1493774927.1908317,3111496
1756166400000,2025-08-26,BTCUSDT,110111.98,112371.0,108666.66,111763.22,18452.43877,2033437347.4999392,4077474
1756080000000,2025-08-25,BTCUSDT,113493.59,113667.28,109274.1,110111.98,25182.79379,2805570653.6310234,4695718
1755993600000,2025-08-24,BTCUSDT,115438.06,115666.68,110680.0,113493.59,21175.98462,2411284606.189176,2573906
1755907200000,2025-08-23,BTCUSDT,116936.0,117030.0,114560.0,115438.05,11329.36197,1308825428.0143585,1559569
1755820800000,2025-08-22,BTCUSDT,112500.0,117429.05,111684.79,116935.99,23128.09037,2656625122.2777863,3438518
1755734400000,2025-08-21,BTCUSDT,114271.23,114821.76,112015.67,112500.0,10839.69235,1227373788.615563,2357380
1755648000000,2025-08-20,BTCUSDT,112872.95,114615.38,112380.0,114271.24,15636.34194,1776149566.1247737,2998370
1755561600000,2025-08-19,BTCUSDT,116227.05,116725.69,112732.58,112872.94,18065.47424,2065010895.8584666,3291182
1755475200000,2025-08-18,BTCUSDT,117405.01,117543.75,114640.14,116227.05,17745.93954,2053814085.4717772,3346280
1755388800000,2025-08-17,BTCUSDT,117380.66,118575.0,117172.21,117405.01,5898.64192,695629197.9038073,1177563
1755302400000,2025-08-16,BTCUSDT,117342.04,117898.99,117143.98,117380.66,6393.68117,751719391.7723638,1179842
1755216000000,2025-08-15,BTCUSDT,118295.09,119216.82,116803.99,117342.05,13623.33874,1607609329.685101,2895016
1755129600000,2025-08-14,BTCUSDT,123306.44,124474.0,117180.0,118295.09,27980.947586,3359128391.1085243,4350449
1755043200000,2025-08-13,BTCUSDT,120134.09,123667.79,118920.92,123306.43,23210.07102,2811581348.3874574,3712817
1754956800000,2025-08-12,BTCUSDT,118686.0,120324.43,118207.47,120134.08,16720.10893,1992762473.5852575,2737841
1754870400000,2025-08-11,BTCUSDT,119294.27,122335.16,118050.11,118686.0,26494.33429,3194611530.5410695,4021743
1754784000000,2025-08-10,BTCUSDT,116462.25,119311.11,116460.63,119294.01,14322.77073,1694198747.8718708,2317065
1754697600000,2025-08-09,BTCUSDT,116674.74,117944.05,116299.13,116462.25,9514.13144,1111837601.7023723,1390951
1754611200000,2025-08-08,BTCUSDT,117472.02,117630.0,115878.71,116674.74,10045.31278,1172199778.7242548,2095304
1754524800000,2025-08-07,BTCUSDT,114992.27,117621.0,114259.0,117472.01,13468.56263,1564454297.836927,2314671
1754438400000,2025-08-06,BTCUSDT,114129.75,115716.0,113355.13,114992.27,9761.15318,1118028732.8589184,2026500
1754352000000,2025-08-05,BTCUSDT,115055.03,115127.81,112650.0,114129.75,12042.79078,1371861747.1466167,2581052
1754265600000,2025-08-04,BTCUSDT,114208.81,115720.0,114107.6,115055.03,9667.67916,1109938874.0629709,1954230
1754179200000,2025-08-03,BTCUSDT,112546.35,114799.97,111920.0,114208.8,7397.76046,841090034.1542541,1419281
1754092800000,2025-08-02,BTCUSDT,113297.92,114063.49,112003.0,112546.35,11507.33428,1301882737.326722,2165714
1754006400000,2025-08-01,BTCUSDT,115764.07,116052.0,112722.58,113297.93,24487.10206,2810268577.1513696,4160829
1753920000000,2025-07-31,BTCUSDT,117840.29,118922.45,115500.0,115764.08,17010.0073,2002870016.7022426,1859532
1753833600000,2025-07-30,BTCUSDT,117950.75,118792.0,115796.23,117840.3,15586.73631,1832696878.2229855,1997369
1753747200000,2025-07-29,BTCUSDT,118062.32,119273.36,116950.75,117950.76,15137.93445,1788682083.6856463,1956694
1753660800000,2025-07-28,BTCUSDT,119415.56,119800.0,117427.5,118062.32,13961.74754,1655882235.896518,1824777
1753574400000,2025-07-27,BTCUSDT,117919.99,119766.65,117825.5,119415.55,9328.30919,1107883542.1607983,1095080
1753488000000,2025-07-26,BTCUSDT,117614.31,118297.35,117138.38,117919.99,6991.67206,823629079.7493103,790372
1753401600000,2025-07-25,BTCUSDT,118340.98,118451.57,114723.16,117614.31,38406.34873,4456778786.620494,3282355
1753315200000,2025-07-24,BTCUSDT,118756.0,119450.0,117103.1,118340.99,15806.89043,1873181653.2018077,2081435
1753228800000,2025-07-23,BTCUSDT,119954.43,120090.0,117301.0,118755.99,14558.75083,1722126986.886661,2101404
1753142400000,2025-07-22,BTCUSDT,117380.36,120247.8,116128.0,119954.42,20959.12973,2481252763.6519103,2778733
1753056000000,2025-07-21,BTCUSDT,117265.11,119676.73,116515.0,117380.36,17107.33128,2020783266.9633648,2509543
1752969600000,2025-07-20,BTCUSDT,117840.01,118856.8,116467.02,117265.12,12962.92889,1528864683.816082,1615935
1752883200000,2025-07-19,BTCUSDT,117924.84,118499.9,117277.34,117840.0,6635.80306,783327898.4969696,1133382
1752796800000,2025-07-18,BTCUSDT,119177.56,120820.71,116812.76,117924.84,19924.66266,2367355518.470308,2805236
1752710400000,2025-07-17,BTCUSDT,118630.44,120998.71,117453.57,119177.56,15728.57651,1869114355.1231644,2347985
1752624000000,2025-07-16,BTCUSDT,117758.08,120063.84,117017.29,118630.43,17039.90851,2023850383.7234876,2429625
1752537600000,2025-07-15,BTCUSDT,119841.17,119940.83,115736.92,117758.09,32018.46083,3755258445.5532722,3805374
1752451200000,2025-07-14,BTCUSDT,119086.65,123218.0,118905.18,119841.18,27269.348877,3299746181.077073,4076133
1752364800000,2025-07-13,BTCUSDT,117420.0,119488.0,117224.79,119086.64,9550.792947,1132096857.0116916,1650283
1752278400000,2025-07-12,BTCUSDT,117527.66,118200.0,116900.05,117420.0,8446.60437,993093353.4068904,1441851
1752192000000,2025-07-11,BTCUSDT,116010.01,118869.98,115222.22,117527.66,25873.521148,3039521803.027247,3708194
1752105600000,2025-07-10,BTCUSDT,111234.0,116868.0,110500.0,116010.0,24883.450665,2826460280.445224,3227017
1752019200000,2025-07-09,BTCUSDT,108922.99,111999.79,108324.53,111233.99,17282.2865,1902054744.194924,2328484
1751932800000,2025-07-08,BTCUSDT,108262.94,109216.56,107429.57,108922.98,9216.0208,1000112813.4398944,1723244
1751846400000,2025-07-07,BTCUSDT,109203.85,109700.0,107513.2,108262.94,9405.37601,1020848316.0537041,1961940
1751760000000,2025-07-06,BTCUSDT,108198.12,109700.0,107800.01,109203.84,6447.607,700733299.51122,1256591
1751673600000,2025-07-05,BTCUSDT,107984.25,108420.56,107756.31,108198.12,3736.9757,403928702.1967476,710020
1751587200000,2025-07-04,BTCUSDT,109584.77,109767.59,107245.0,107984.24,11793.86615,1276215111.668365,1975212
1751500800000,2025-07-03,BTCUSDT,108849.59,110529.18,108530.4,109584.78,13047.08225,1429459048.6383262,2568944
1751414400000,2025-07-02,BTCUSDT,105681.13,109730.0,105100.19,108849.6,17691.89592,1915699005.8772895,2444708
1751328000000,2025-07-01,BTCUSDT,107146.51,107540.0,105250.85,105681.14,10505.62437,1117432945.8926365,2013289
1751241600000,2025-06-30,BTCUSDT,108356.93,108789.99,106733.33,107146.5,9754.12491,1050407152.345058,1773485
1751155200000,2025-06-29,BTCUSDT,107296.79,108528.5,107172.52,108356.93,6831.7364,736708189.9495683,1223202
1751068800000,2025-06-28,BTCUSDT,107047.58,107577.75,106811.51,107296.79,3282.17352,352025390.60311353,653305
1750982400000,2025-06-27,BTCUSDT,106947.06,107735.34,106356.76,107047.59,12232.44042,1308420348.9100096,2304499
1750896000000,2025-06-26,BTCUSDT,107340.59,108272.45,106562.5,106947.06,10573.27279,1136093974.6816015,2597742
1750809600000,2025-06-25,BTCUSDT,106083.0,108135.3,105808.03,107340.58,16701.15551,1789545470.94629,2988892
1750723200000,2025-06-24,BTCUSDT,105333.94,106290.0,104622.02,106083.0,14651.69335,1543451113.4563613,2973481
1750636800000,2025-06-23,BTCUSDT,100963.87,106074.2,99613.33,105333.93,27666.50609,2836166831.044449,4944207
1750550400000,2025-06-22,BTCUSDT,102120.02,103399.62,98200.0,100963.87,28746.41072,2892695407.808688,5121309
1750464000000,2025-06-21,BTCUSDT,103297.98,103982.64,100837.9,102120.01,11154.21332,1144829784.7306418,2172578
1750377600000,2025-06-20,BTCUSDT,104658.59,106524.65,102345.0,103297.99,16419.06283,1714411911.0114017,3029404
1750291200000,2025-06-19,BTCUSDT,104886.79,105226.17,103929.27,104658.59,7678.60737,803402575.962045,1718045
1750204800000,2025-06-18,BTCUSDT,104551.17,105550.27,103500.0,104886.78,13968.64167,1461383024.3622093,3468170
1750118400000,2025-06-17,BTCUSDT,106794.53,107771.34,103371.02,104551.17,17866.33025,1883173484.8991,3723010
1750032000000,2025-06-16,BTCUSDT,105594.02,108952.38,104980.37,106794.53,14922.6654,1599849840.7325244,2928998
1749945600000,2025-06-15,BTCUSDT,105414.63,106128.57,104494.53,105594.01,7164.20047,754596887.8748003,1564768
1749859200000,2025-06-14,BTCUSDT,106066.59,106252.0,104300.0,105414.64,8798.93969,925568614.1784064,1521776
1749772800000,2025-06-13,BTCUSDT,105671.74,106179.53,102664.31,106066.59,26180.81734,2735461890.6929703,5452577
1749686400000,2025-06-12,BTCUSDT,108645.13,108813.55,105671.72,105671.73,17778.67218,1908309274.0868347,3517420
1749600000000,2025-06-11,BTCUSDT,110274.39,110392.01,108064.0,108645.12,13115.91638,1434884639.7506304,2667014
1749513600000,2025-06-10,BTCUSDT,110263.02,110400.0,108331.03,110274.39,17071.82839,1867620550.1921728,3003420
1749427200000,2025-06-09,BTCUSDT,105734.01,110530.17,105318.37,110263.02,19975.37451,2154922022.221173,2839846
1749340800000,2025-06-08,BTCUSDT,105552.15,106488.14,104964.14,105734.0,8048.06305,850887129.4282976,1295154
1749254400000,2025-06-07,BTCUSDT,104288.43,105900.0,103871.09,105552.15,8344.93206,877915380.954823,1402494
1749168000000,2025-06-06,BTCUSDT,101508.69,105333.0,101095.8,104288.44,15839.07385,1642382404.935575,2709327
1749081600000,2025-06-05,BTCUSDT,104696.86,105909.71,100372.26,101508.68,22321.50154,2301567892.5305448,3963295
1748995200000,2025-06-04,BTCUSDT,105376.9,106000.0,104179.0,104696.86,14034.89482,1476928482.3688781,2274464
1748908800000,2025-06-03,BTCUSDT,105858.0,106794.67,104872.5,105376.89,13259.52634,1402493746.5993218,2470698
1748822400000,2025-06-02,BTCUSDT,105642.93,105935.63,103659.88,105857.99,13453.98813,1409004206.9863732,2997656
1748736000000,2025-06-01,BTCUSDT,104591.88,105866.91,103752.49,105642.93,9709.70006,1016188486.9505997,1939359
1748649600000,2025-05-31,BTCUSDT,103985.47,104900.0,103068.55,104591.88,11289.35922,1174000801.507038,2343787
1748563200000,2025-05-30,BTCUSDT,105589.75,106313.12,103621.0,103985.48,23706.49799,2493078549.591861,4307572
1748476800000,2025-05-29,BTCUSDT,107781.78,108891.91,105322.86,105589.75,19834.70116,2128639017.5081615,3774926
1748390400000,2025-05-28,BTCUSDT,108938.17,109284.7,106769.43,107781.78,15633.78829,1689136748.513031,2933262
1748304000000,2025-05-27,BTCUSDT,109434.78,110718.0,107516.57,108938.17,21276.65635,2327603851.1192646,3735509
1748217600000,2025-05-26,BTCUSDT,109004.2,110422.22,108670.58,109434.79,14649.11593,1605578282.1079032,2887863
1748131200000,2025-05-25,BTCUSDT,107761.9,109299.99,106600.64,109004.19,17710.04695,1904366455.425858,3151168
1748044800000,2025-05-24,BTCUSDT,107318.3,109506.03,106875.41,107761.91,16782.53129,1819958819.7748582,2805418
1747958400000,2025-05-23,BTCUSDT,111696.22,111800.0,106800.0,107318.3,31737.72309,3469704446.390405,5251192
1747872000000,2025-05-22,BTCUSDT,109643.99,111980.0,109177.37,111696.21,31630.77313,3509432834.573417,5794216
1747785600000,2025-05-21,BTCUSDT,106850.0,110797.38,106100.01,109643.99,45531.040345,4914709514.320026,6835279
1747699200000,2025-05-20,BTCUSDT,105573.73,107320.0,104184.72,106849.99,23705.48275,2509102444.6695986,3878351
1747612800000,2025-05-19,BTCUSDT,106454.27,107108.62,102000.0,105573.74,30260.03524,3150324504.5954514,4881371
1747526400000,2025-05-18,BTCUSDT,103126.65,106660.0,103105.09,106454.26,21599.98726,2262214972.0749383,3193300
1747440000000,2025-05-17,BTCUSDT,103463.9,103709.86,102612.5,103126.65,11250.89622,1160418362.950618,2568597
1747353600000,2025-05-16,BTCUSDT,103763.71,104550.33,103100.49,103463.9,15683.88024,1628832372.324148,3237442
1747267200000,2025-05-15,BTCUSDT,103507.83,104192.7,101383.07,103763.71,17998.98604,1850183474.529204,4139477
1747180800000,2025-05-14,BTCUSDT,104103.72,104356.95,102602.05,103507.82,16452.9081,1704708279.3884108,3025221
1747094400000,2025-05-13,BTCUSDT,102791.32,104976.25,101429.7,104103.72,21253.42409,2197244118.1523666,3703531
1747008000000,2025-05-12,BTCUSDT,104118.0,105819.45,100718.37,102791.32,31272.77792,3242348937.383069,5298407
1746921600000,2025-05-11,BTCUSDT,104809.53,104972.0,103345.06,104118.0,17987.12197,1873381777.2124252,3100176
1746835200000,2025-05-10,BTCUSDT,102971.99,104984.57,102818.76,104809.53,15324.78611,1588386278.502415,2227845
1746748800000,2025-05-09,BTCUSDT,103261.61,104361.3,102315.14,102971.99,27617.39907,2847518447.981513,4406929
1746662400000,2025-05-08,BTCUSDT,97030.5,104145.76,96876.29,103261.6,34962.02847,3508645830.5650144,4991147
1746576000000,2025-05-07,BTCUSDT,96834.02,97732.0,95784.61,97030.5,16644.83854,1611730124.5924544,2849139
1746489600000,2025-05-06,BTCUSDT,94733.68,96920.65,93377.0,96834.02,16122.64513,1526847764.5636683,2512960
1746403200000,2025-05-05,BTCUSDT,94277.61,95199.0,93514.1,94733.68,17251.18189,1626999380.1759968,2623300
1746316800000,2025-05-04,BTCUSDT,95856.42,96304.48,94151.38,94277.62,11036.38342,1053542403.8531587,1674726
1746230400000,2025-05-03,BTCUSDT,96887.13,96935.67,95753.01,95856.42,9723.34838,935906144.9651498,1181239
1746144000000,2025-05-02,BTCUSDT,96489.9,97895.68,96350.0,96887.14,14905.74811,1446387651.5840576,2698263
1746057600000,2025-05-01,BTCUSDT,94172.0,97424.02,94130.43,96489.91,21380.45343,2053857614.2732673,2925716
1745971200000,2025-04-30,BTCUSDT,94256.82,95228.45,92910.0,94172.0,17661.2751,1664825670.9831252,3214149
1745884800000,2025-04-29,BTCUSDT,95011.18,95461.53,93742.54,94256.82,16955.3402,1607154803.4675474,3020875
1745798400000,2025-04-28,BTCUSDT,93749.29,95630.0,92800.01,95011.18,22157.53351,2092532996.5551717,3424740
1745712000000,2025-04-27,BTCUSDT,94628.0,95369.0,93602.58,93749.3,11162.841,1052334792.1866189,1918160
1745625600000,2025-04-26,BTCUSDT,94638.68,95199.0,93870.69,94628.0,9415.06875,889627361.8414446,1475983
1745539200000,2025-04-25,BTCUSDT,93980.47,95758.04,92855.96,94638.68,27500.66648,2596877713.640173,3331828
1745452800000,2025-04-24,BTCUSDT,93691.07,94005.0,91660.01,93980.47,19497.06071,1811120137.3146787,2797383
1745366400000,2025-04-23,BTCUSDT,93442.99,94696.05,91935.41,93691.08,27404.16808,2560279933.947952,3016536
1745280000000,2025-04-22,BTCUSDT,87516.22,93888.0,87076.03,93442.99,43872.74705,3967785064.1281695,3268475
1745193600000,2025-04-21,BTCUSDT,85179.24,88465.99,85144.76,87516.23,31773.37262,2773299591.467066,3041395
1745107200000,2025-04-20,BTCUSDT,85077.0,85320.76,83949.52,85179.24,8091.67725,685253644.8918362,944130
1745020800000,2025-04-19,BTCUSDT,84474.7,85677.99,84364.45,85077.01,9666.58153,823222752.2842493,875226
1744934400000,2025-04-18,BTCUSDT,84947.92,85132.08,84303.96,84474.69,6529.96315,552648483.6474872,840009
1744848000000,2025-04-17,BTCUSDT,84030.38,85470.01,83736.26,84947.91,13728.84772,1161659427.3862627,2003405
1744761600000,2025-04-16,BTCUSDT,83643.99,85500.0,83111.64,84030.38,20867.24519,1753910031.2009242,3264730
1744675200000,2025-04-15,BTCUSDT,84591.58,86496.42,83600.0,83643.99,20910.99528,1780972414.3956006,2910533
1744588800000,2025-04-14,BTCUSDT,83760.0,85799.99,83678.0,84591.58,28659.09348,2429132805.081529,3921522
1744502400000,2025-04-13,BTCUSDT,85276.91,86100.0,83034.23,83760.0,24680.04181,2086106375.4392557,3275879
1744416000000,2025-04-12,BTCUSDT,83423.83,85905.0,82792.95,85276.9,18470.74437,1557403252.9267516,2501196
1744329600000,2025-04-11,BTCUSDT,79607.3,84300.0,78969.58,83423.84,34435.43797,2830363945.1787524,4423157
1744243200000,2025-04-10,BTCUSDT,82615.22,82753.21,78464.36,79607.3,33284.80718,2690294353.8478427,4529545
1744156800000,2025-04-09,BTCUSDT,76322.42,83588.0,74620.0,82615.22,75488.28772,5980231256.222496,7741252
1744070400000,2025-04-08,BTCUSDT,79163.24,80867.99,76239.9,76322.42,35317.32063,2775277777.102461,5512751
1743984000000,2025-04-07,BTCUSDT,78430.0,81243.58,74508.0,79163.24,78387.53089,6084614024.150647,9736596
1743897600000,2025-04-06,BTCUSDT,83537.99,83817.63,77153.83,78430.0,27942.71436,2239085051.1529646,3948493
1743811200000,2025-04-05,BTCUSDT,83889.87,84266.0,82379.95,83537.99,9360.40468,779626577.9013437,1575750
1743724800000,2025-04-04,BTCUSDT,83213.09,84720.0,81659.0,83889.87,32915.53976,2739842666.426737,4992586
1743638400000,2025-04-03,BTCUSDT,82516.28,83998.02,81211.24,83213.09,27337.84135,2259299724.8643928,4117486
1743552000000,2025-04-02,BTCUSDT,85158.35,88500.0,82320.0,82516.29,39931.457,3417279759.8307643,5338238
1743465600000,2025-04-01,BTCUSDT,82550.0,85579.46,82432.74,85158.34,20190.39697,1698895702.575468,3328693
1743379200000,2025-03-31,BTCUSDT,82390.0,83943.08,81278.52,82550.01,20569.13885,1696009191.0809648,3964358
1743292800000,2025-03-30,BTCUSDT,82648.53,83534.64,81565.0,82389.99,9864.49508,816584795.5288126,1907663
1743206400000,2025-03-29,BTCUSDT,84424.38,84624.73,81644.81,82648.54,11696.39864,970199917.9868717,2172387
1743120000000,2025-03-28,BTCUSDT,87232.01,87515.67,83585.0,84424.38,27182.73169,2309946560.6641135,3236085
1743033600000,2025-03-27,BTCUSDT,86909.17,87756.39,85800.0,87232.01,17098.03897,1487968807.7079022,2376381
1742947200000,2025-03-26,BTCUSDT,87392.88,88275.0,85860.0,86909.17,18408.78485,1606406955.5864635,2380154
1742860800000,2025-03-25,BTCUSDT,87498.16,88539.63,86310.0,87392.87,22643.25248,1979571590.8982937,2802815
1742774400000,2025-03-24,BTCUSDT,86082.5,88765.43,85519.09,87498.16,30115.62111,2636765917.9518437,2916713
1742688000000,2025-03-23,BTCUSDT,83840.59,86129.64,83809.75,86082.5,8461.97813,718692319.1499039,1206533
1742601600000,2025-03-22,BTCUSDT,84088.79,84539.17,83625.1,83840.59,5420.22114,456235443.80165213,864481
1742515200000,2025-03-21,BTCUSDT,84223.38,84850.33,83175.25,84088.79,11956.97443,1005135519.2560016,2360005
1742428800000,2025-03-20,BTCUSDT,86845.93,87453.67,83655.23,84223.39,22090.30463,1885241921.1556518,3252595
1742342400000,2025-03-19,BTCUSDT,82715.03,87000.0,82547.16,86845.94,28151.05374,2375813941.943763,3774761
1742256000000,2025-03-18,BTCUSDT,84010.02,84021.74,81134.66,82715.03,17610.89883,1450813055.479726,3126371
1742169600000,2025-03-17,BTCUSDT,82574.52,84756.83,82456.0,84010.03,17214.74358,1437716814.0468738,3014756
1742083200000,2025-03-16,BTCUSDT,84338.44,85117.04,81981.12,82574.53,17596.12531,1468056556.2967227,2767947
1741996800000,2025-03-15,BTCUSDT,83983.19,84676.28,83618.0,84338.44,11324.7332,953445671.8337504,1329670
1741910400000,2025-03-14,BTCUSDT,81115.78,85309.71,80818.84,83983.2,26858.52755,2244729595.541172,3290987
1741824000000,2025-03-13,BTCUSDT,83680.12,84336.33,79939.9,81115.78,27546.27412,2260870111.239389,4367093
1741737600000,2025-03-12,BTCUSDT,82932.99,84539.85,80607.65,83680.12,31933.986,2638600996.825396,5253577
1741651200000,2025-03-11,BTCUSDT,78595.86,83617.4,76606.0,82932.99,48770.06853,3927000827.1107917,6983310
1741564800000,2025-03-10,BTCUSDT,80734.48,84123.46,77459.91,78595.86,47633.38405,3834924947.7581854,8701538
1741478400000,2025-03-09,BTCUSDT,86222.46,86500.0,80000.0,80734.37,26115.39345,2173552660.4544797,5189138
1741392000000,2025-03-08,BTCUSDT,86801.74,86897.25,85218.47,86222.45,12989.23054,1119358968.6520057,2553974
1741305600000,2025-03-07,BTCUSDT,89931.88,91283.02,84667.03,86801.75,57980.35713,5097554826.613158,9510442
1741219200000,2025-03-06,BTCUSDT,90606.0,92810.64,87836.0,89931.89,34342.44902,3105145628.399399,7643526
1741132800000,2025-03-05,BTCUSDT,87281.98,91000.0,86334.53,90606.01,38264.01163,3400243670.304976,8070266
1741046400000,2025-03-04,BTCUSDT,86221.16,88967.52,81500.0,87281.98,55609.10706,4704901219.590436,10326631
1740960000000,2025-03-03,BTCUSDT,94269.99,94416.46,85117.11,86220.61,59171.10218,5321123743.471923,9797860
1740873600000,2025-03-02,BTCUSDT,86064.54,95000.0,85050.6,94270.0,54889.09045,4972549515.788669,7403218
1740787200000,2025-03-01,BTCUSDT,84349.95,86558.0,83824.78,86064.53,25785.05464,2194003507.852643,3700728
1740700800000,2025-02-28,BTCUSDT,84708.57,85120.0,78258.52,84349.94,83648.03969,6806705236.690679,11344216
1740614400000,2025-02-27,BTCUSDT,84250.09,87078.46,82716.49,84708.58,42505.45439,3618738891.222162,6357581
1740528000000,2025-02-26,BTCUSDT,88680.39,89414.15,82256.01,84250.09,56893.54409,4898429925.6364765,8490006
1740441600000,2025-02-25,BTCUSDT,91552.88,92540.69,86050.99,88680.4,78333.11111,6962982500.904473,10289145
1740355200000,2025-02-24,BTCUSDT,96258.0,96500.0,91349.26,91552.88,31550.10299,2981809595.445377,4972684
1740268800000,2025-02-23,BTCUSDT,96551.01,96650.0,95227.94,96258.0,10884.84913,1044392011.791024,1457368
1740182400000,2025-02-22,BTCUSDT,96181.99,96980.0,95770.49,96551.01,11268.17708,1087077133.8226364,1506418
1740096000000,2025-02-21,BTCUSDT,98305.01,99475.0,94871.95,96181.98,32249.2814,3143975917.573464,4528525
1740009600000,2025-02-20,BTCUSDT,96644.37,98711.36,96415.09,98305.0,17057.39177,1663386824.7315507,2386973
1739923200000,2025-02-19,BTCUSDT,95671.74,96899.99,95029.99,96644.37,16438.50954,1576817572.1032505,2784225
1739836800000,2025-02-18,BTCUSDT,95780.01,96753.91,93388.09,95671.74,23368.19471,2223994802.892005,4234248
1739750400000,2025-02-17,BTCUSDT,96118.12,97046.59,95205.0,95780.0,16492.0451,1584593526.1754677,2831237
1739664000000,2025-02-16,BTCUSDT,97569.67,97704.47,96046.18,96118.12,8191.4249,794694242.2949731,1596701
1739577600000,2025-02-15,BTCUSDT,97500.47,97972.26,97223.58,97569.66,7349.37683,717245393.778092,1694327
1739491200000,2025-02-14,BTCUSDT,96608.13,98826.0,96252.82,97500.48,18173.02646,1768073218.8690155,3499564
1739404800000,2025-02-13,BTCUSDT,97870.0,98083.91,95217.36,96608.14,19921.77616,1916988246.3921185,3909456
1739318400000,2025-02-12,BTCUSDT,95778.21,98119.99,94088.23,97869.99,29151.16625,2800142168.3943653,4992737
1739232000000,2025-02-11,BTCUSDT,97430.82,98478.42,94876.88,95778.2,18647.76379,1806534846.3863196,3716586
1739145600000,2025-02-10,BTCUSDT,96462.75,98345.0,95256.0,97430.82,20572.87537,1999112052.6687865,3475919
1739059200000,2025-02-09,BTCUSDT,96444.75,97323.09,94713.0,96462.75,14120.91613,1359495152.3107975,2293192
1738972800000,2025-02-08,BTCUSDT,96506.8,96880.0,95688.0,96444.74,10147.24294,977040267.5158632,1757892
1738886400000,2025-02-07,BTCUSDT,96554.35,100137.99,95620.34,96506.8,31794.22065,3107592434.6738343,5012456
1738800000000,2025-02-06,BTCUSDT,96612.44,99120.0,95676.64,96554.35,23515.20405,2289071921.21756,4242807
1738713600000,2025-02-05,BTCUSDT,97763.14,99149.0,96155.0,96612.43,26233.30444,2562342153.829685,4471763
1738627200000,2025-02-04,BTCUSDT,101328.51,101732.31,96150.0,97763.13,40267.98697,3989698644.2649307,6618911
1738540800000,2025-02-03,BTCUSDT,97700.59,102500.01,91231.0,101328.52,75164.7385,7228589180.711621,10625262
1738454400000,2025-02-02,BTCUSDT,100635.66,101456.6,96150.0,97700.59,34619.49939,3412084312.583628,7202339
1738368000000,2025-02-01,BTCUSDT,102429.56,102783.71,100279.51,100635.65,12290.95747,1250354228.2372296,2588786
1738281600000,2025-01-31,BTCUSDT,104722.94,106012.0,101560.0,102429.56,21983.18193,2282174002.1952176,4331904
1738195200000,2025-01-30,BTCUSDT,103733.25,106457.44,103278.54,104722.94,19374.07472,2038112603.5126407,3990075
1738108800000,2025-01-29,BTCUSDT,101335.52,104782.68,101328.01,103733.24,23155.35802,2380383694.772136,5189699
1738022400000,2025-01-28,BTCUSDT,102082.83,103800.0,100272.68,101335.52,22022.05765,2253977324.0362086,5428644
1737936000000,2025-01-27,BTCUSDT,102620.01,103260.0,97777.77,102082.83,50758.1341,5092886322.829245,9368910
1737849600000,2025-01-26,BTCUSDT,104746.86,105500.0,102520.44,102620.0,9812.51238,1024352365.4715524,1813011
1737763200000,2025-01-25,BTCUSDT,104870.51,105286.52,104106.09,104746.85,9068.32377,949511531.3578016,1770765
1737676800000,2025-01-24,BTCUSDT,103910.35,107120.0,102750.0,104870.5,23609.24017,2483818574.373748,4798886
1737590400000,2025-01-23,BTCUSDT,103706.66,106850.0,101262.28,103910.34,53953.12031,5610760848.131639,6961383
1737504000000,2025-01-22,BTCUSDT,106143.82,106394.46,103339.12,103706.66,22248.69254,2331144640.658579,4364035
1737417600000,2025-01-21,BTCUSDT,102260.0,107240.81,100119.04,106143.82,45941.02002,4768512258.156501,6842980
1737331200000,2025-01-20,BTCUSDT,101331.57,109588.0,99550.0,102260.01,89529.231732,9398787064.320717,11597937
1737244800000,2025-01-19,BTCUSDT,104556.23,106422.43,99651.6,101331.57,43397.28298,4513423971.410253,5271920
1737158400000,2025-01-18,BTCUSDT,104077.47,104988.88,102277.55,104556.23,24307.82998,2521522119.379525,3403162
1737072000000,2025-01-17,BTCUSDT,99987.3,105865.22,99950.77,104077.48,39171.85292,4040993985.475047,3886907
1736985600000,2025-01-16,BTCUSDT,100497.35,100866.66,97335.13,99987.3,27832.85317,2765162040.639799,3762755
1736899200000,2025-01-15,BTCUSDT,96560.85,100681.94,96500.0,100497.35,30509.99179,3006242382.886794,3487945
1736812800000,2025-01-14,BTCUSDT,94536.11,97371.0,94346.22,96560.86,27846.61753,2676048470.3569503,4532923
1736726400000,2025-01-13,BTCUSDT,94545.07,95940.0,89256.69,94536.1,42619.56423,3930666134.3474574,5740963
1736640000000,2025-01-12,BTCUSDT,94599.99,95450.1,93711.19,94545.06,8606.86622,813278829.6583949,1658863
1736553600000,2025-01-11,BTCUSDT,94726.1,95050.94,93831.73,94599.99,7047.9043,665685994.93301,1496191
1736467200000,2025-01-10,BTCUSDT,92552.49,95836.0,92206.02,94726.11,31482.86424,2962085343.2837043,5531444
1736380800000,2025-01-09,BTCUSDT,95060.61,95382.32,91203.67,92552.49,34544.83685,3217669887.2453976,6027161
1736294400000,2025-01-08,BTCUSDT,96954.6,97268.65,92500.9,95060.61,33704.67894,3205849081.112962,5171208
1736208000000,2025-01-07,BTCUSDT,102235.6,102724.38,96181.81,96954.61,32059.87537,3170421659.717236,4480562
1736121600000,2025-01-06,BTCUSDT,98363.61,102480.0,97920.0,102235.6,25263.43375,2540561688.7771435,3853702
1736035200000,2025-01-05,BTCUSDT,98220.51,98836.85,97276.79,98363.61,8095.63723,793931715.9546323,1685799
1735948800000,2025-01-04,BTCUSDT,98174.17,98778.43,97514.79,98220.5,8990.05651,881223751.6353604,1559982
1735862400000,2025-01-03,BTCUSDT,96984.79,98976.91,96100.01,98174.18,15253.82936,1486610768.5907917,2851164
1735776000000,2025-01-02,BTCUSDT,94591.78,97839.5,94392.0,96984.79,21970.48948,2118411852.6812797,3569079
1735689600000,2025-01-01,BTCUSDT,93576.0,95151.15,92888.0,94591.79,10373.32613,975444194.1379983,1516556
1735603200000,2024-12-31,BTCUSDT,92792.05,96250.0,92033.73,93576.0,19612.03389,1845718801.922704,3347847
1735516800000,2024-12-30,BTCUSDT,93738.19,95024.5,91530.45,92792.05,27619.4225,2573126059.769478,5560563
1735430400000,2024-12-29,BTCUSDT,95300.0,95340.0,93009.52,93738.2,13576.00578,1278370863.9768472,2865838
1735344000000,2024-12-28,BTCUSDT,94299.03,95733.99,94135.66,95300.0,8385.8929,794651624.8349556,2732061
1735257600000,2024-12-27,BTCUSDT,95791.6,97544.58,93500.01,94299.03,26501.26429,2528567849.779461,5718866
1735171200000,2024-12-26,BTCUSDT,99429.61,99963.7,95199.14,95791.6,21192.36727,2049123567.3867724,5203490
1735084800000,2024-12-25,BTCUSDT,98663.58,99569.15,97632.02,99429.6,14474.1651,1426143976.0493636,3283028
1734998400000,2024-12-24,BTCUSDT,94881.47,99487.99,93569.02,98663.58,23674.22488,2287214424.706476,3421549
1734912000000,2024-12-23,BTCUSDT,95186.28,96538.92,92520.0,94881.47,32810.76703,3100007213.494563,5464919
1734825600000,2024-12-22,BTCUSDT,97292.0,97448.08,94250.35,95186.27,19353.83036,1857819866.3604,3633551
1734739200000,2024-12-21,BTCUSDT,97805.44,99540.61,96398.39,97291.99,23483.54143,2296232055.195926,3717638
1734652800000,2024-12-20,BTCUSDT,97461.86,98233.0,92232.54,97805.44,62884.1357,6022845238.832326,7429007
1734566400000,2024-12-19,BTCUSDT,100204.01,102800.11,95700.0,97461.86,55147.398,5487546517.707753,7273941
1734480000000,2024-12-18,BTCUSDT,106133.74,106524.98,100000.0,100204.01,50307.99755,5194263316.259237,8762120
1734393600000,2024-12-17,BTCUSDT,106058.65,108353.0,105321.49,106133.74,29064.936466,3103833327.7751064,7212799
1734307200000,2024-12-16,BTCUSDT,104463.99,107793.07,103333.0,106058.66,41302.40274,4364964400.634553,8048054
1734220800000,2024-12-15,BTCUSDT,101420.0,105250.0,101237.14,104463.99,22228.921775,2290462903.8357916,3638809
1734134400000,2024-12-14,BTCUSDT,101424.24,102650.0,100609.41,101420.0,14191.70326,1441594367.0463192,3374538
1734048000000,2024-12-13,BTCUSDT,100004.29,101895.26,99205.0,101424.25,21904.03923,2203903393.0741005,5481660
1733961600000,2024-12-12,BTCUSDT,101125.0,102540.0,99311.64,100004.29,29232.08745,2949462583.8661704,8066322
1733875200000,2024-12-11,BTCUSDT,96593.0,101888.0,95658.24,101125.0,37753.78291,3745703763.01845,8250511
1733788800000,2024-12-10,BTCUSDT,97276.48,98270.0,94256.54,96593.0,51708.68933,4988660195.092429,11556189
1733702400000,2024-12-09,BTCUSDT,101109.6,101215.93,94150.05,97276.47,53949.11595,5283626995.705648,8445872
1733616000000,2024-12-08,BTCUSDT,99831.99,101351.0,98657.7,101109.59,14612.99688,1459576946.402151,2994709
1733529600000,2024-12-07,BTCUSDT,99740.84,100439.18,98844.0,99831.99,14931.9459,1487953846.838546,2634566
1733443200000,2024-12-06,BTCUSDT,96945.63,101898.99,95981.72,99740.84,45049.5331,4456641685.364444,6919102
1733356800000,2024-12-05,BTCUSDT,98587.32,104088.0,90500.0,96945.63,109921.729662,11048002942.149933,12012364
1733270400000,2024-12-04,BTCUSDT,95849.69,99000.0,94587.83,98587.32,43850.53728,4241994533.7861056,6648724
1733184000000,2024-12-03,BTCUSDT,95840.61,96305.52,93578.17,95849.69,35827.32283,3413995542.018656,5361712
1733097600000,2024-12-02,BTCUSDT,97185.17,98130.0,94395.0,95840.62,37958.66981,3646639621.737588,7560103
1733011200000,2024-12-01,BTCUSDT,96407.99,97836.0,95693.88,97185.18,16938.60452,1641327626.6062205,3342200
1732924800000,2024-11-30,BTCUSDT,97460.0,97463.95,96092.01,96407.99,14503.83306,1402672950.6998208,3354759
1732838400000,2024-11-29,BTCUSDT,95643.99,98619.99,95364.99,97460.0,27701.78231,2690451030.634288,5094070
1732752000000,2024-11-28,BTCUSDT,95863.11,96564.0,94640.0,95643.98,28814.54357,2749861591.2596097,4988161
1732665600000,2024-11-27,BTCUSDT,91965.16,97208.21,91792.14,95863.11,41153.42734,3894358511.6175647,6648690
1732579200000,2024-11-26,BTCUSDT,93010.01,94973.37,90791.1,91965.16,57858.73138,5370918648.818167,10225809
1732492800000,2024-11-25,BTCUSDT,97900.05,98871.8,92600.19,93010.01,50847.45096,4883444806.322194,8289691
1732406400000,2024-11-24,BTCUSDT,97672.4,98564.0,95734.77,97900.04,31200.97838,3034172011.951788,4964720
1732320000000,2024-11-23,BTCUSDT,98892.0,98908.85,97136.0,97672.4,24757.84367,2431609866.329514,3839138
1732233600000,2024-11-22,BTCUSDT,98317.12,99588.01,97122.11,98892.0,46189.309243,4555536773.363205,7271311
1732147200000,2024-11-21,BTCUSDT,94286.56,98988.0,94040.0,98317.12,69228.360477,6722807908.325656,9048605
1732060800000,2024-11-20,BTCUSDT,92310.8,94831.97,91500.0,94286.56,42203.198712,3950932314.6460686,7365987
1731974400000,2024-11-19,BTCUSDT,90464.07,93905.51,90357.0,92310.79,43660.04682,4025108502.8496137,5647789
1731888000000,2024-11-18,BTCUSDT,89855.98,92594.0,89376.9,90464.08,46545.03448,4239909950.6618943,7161125
1731801600000,2024-11-17,BTCUSDT,90587.98,91449.99,88722.0,89855.99,23867.55609,2153871724.810395,4930719
1731715200000,2024-11-16,BTCUSDT,91032.08,91779.66,90056.17,90586.92,22717.87689,2067958511.9048476,4239455
1731628800000,2024-11-15,BTCUSDT,87325.59,91850.0,87073.38,91032.07,47927.95068,4276238971.1814284,8009111
1731542400000,2024-11-14,BTCUSDT,90375.21,91790.0,86668.21,87325.59,56729.51086,5073860815.928665,9828858
1731456000000,2024-11-13,BTCUSDT,87952.0,93265.64,86127.99,90375.2,86763.854127,7790928962.043038,11962100
1731369600000,2024-11-12,BTCUSDT,88648.0,89940.0,85072.0,87952.01,97299.887911,8540084566.279819,11499058
1731283200000,2024-11-11,BTCUSDT,80370.01,89530.54,80216.01,88647.99,82323.665776,6944268709.942721,9348890
1731196800000,2024-11-10,BTCUSDT,76677.46,81500.0,76492.0,80370.01,61830.100435,4905441473.900737,7128598
1731110400000,2024-11-09,BTCUSDT,76509.78,76900.0,75714.66,76677.46,16942.07915,1294709001.60289,2585264
1731024000000,2024-11-08,BTCUSDT,75857.89,77199.99,75555.0,76509.78,36521.099583,2784449097.5315185,4877489
1730937600000,2024-11-07,BTCUSDT,75571.99,76849.99,74416.0,75857.89,44869.422345,3391796661.9719553,5207722
1730851200000,2024-11-06,BTCUSDT,69372.01,76400.0,69298.0,75571.99,104126.994787,7702283270.25801,8434184
1730764800000,2024-11-05,BTCUSDT,67850.01,70577.91,67476.63,69372.01,33355.06888,2310418908.069922,4955644
1730678400000,2024-11-04,BTCUSDT,68775.99,69500.0,66835.0,67850.01,29800.39187,2033902307.002776,5377048
1730592000000,2024-11-03,BTCUSDT,69374.74,69391.0,67478.73,68775.99,24995.70243,1709666206.4062023,3668029
1730505600000,2024-11-02,BTCUSDT,69496.0,69914.37,69000.14,69374.74,10521.67243,731232427.6311549,1603561
1730419200000,2024-11-01,BTCUSDT,70292.01,71632.95,68820.14,69496.01,38301.86755,2677358022.00497,4569271
1730332800000,2024-10-31,BTCUSDT,72344.75,72700.0,69685.76,70292.01,29352.10297,2091144977.4946847,4525542
1730246400000,2024-10-30,BTCUSDT,72736.41,72961.0,71436.0,72344.74,26885.99056,1941210537.2882867,4040734
1730160000000,2024-10-29,BTCUSDT,69962.21,73620.12,69760.0,72736.42,50128.60594,3602465986.8917575,5645430
1730073600000,2024-10-28,BTCUSDT,68021.69,70270.0,67618.0,69962.21,29046.75459,2005105729.8174448,4432446
1729987200000,2024-10-27,BTCUSDT,67092.76,68332.05,66913.73,68021.7,8653.19592,585006148.4704809,1771989
1729900800000,2024-10-26,BTCUSDT,66698.32,67454.55,66439.9,67092.76,11842.9077,792887047.147892,2373501
1729814400000,2024-10-25,BTCUSDT,68198.27,68771.49,65596.29,66698.33,34479.71125,2320667435.293254,5332593
1729728000000,2024-10-24,BTCUSDT,66668.65,68850.0,66510.0,68198.28,22589.83877,1526736320.9129379,3797462
1729641600000,2024-10-23,BTCUSDT,67426.01,67472.83,65260.0,66668.65,25530.2407,1695101430.9187465,3807365
1729555200000,2024-10-22,BTCUSDT,67377.5,67836.01,66571.42,67426.0,24598.96268,1654285791.6605556,3669291
1729468800000,2024-10-21,BTCUSDT,69032.0,69519.52,66840.67,67377.5,31374.42184,2130833593.5466976,3686777
1729382400000,2024-10-20,BTCUSDT,68377.99,69400.0,68100.0,69031.99,12442.47378,854082429.8105861,1563795
1729296000000,2024-10-19,BTCUSDT,68427.99,68693.26,68010.0,68378.0,8193.66737,559628628.9613105,1152428
1729209600000,2024-10-18,BTCUSDT,67421.78,69000.0,67192.36,68428.0,28725.635,1959735899.8769646,4010969
1729123200000,2024-10-17,BTCUSDT,67620.0,67939.4,66666.0,67421.78,25328.22861,1702164439.5654595,3981960
1729036800000,2024-10-16,BTCUSDT,67074.14,68424.0,66750.49,67620.01,29938.25544,2024560410.1062675,5109685
1728950400000,2024-10-15,BTCUSDT,66084.0,67950.0,64800.01,67074.14,43683.95423,2894021862.319518,6245619
1728864000000,2024-10-14,BTCUSDT,62870.02,66500.0,62457.81,66083.99,37669.95222,2450094472.8135448,4977577
1728777600000,2024-10-13,BTCUSDT,63206.23,63285.72,62050.0,62870.02,11909.21995,746564374.2082387,2242529
1728691200000,2024-10-12,BTCUSDT,62539.99,63480.0,62487.23,63206.22,10911.30116,686978508.9887543,1770837
1728604800000,2024-10-11,BTCUSDT,60326.4,63417.56,60087.64,62540.0,23641.35209,1462219576.849865,3222180
1728518400000,2024-10-10,BTCUSDT,60636.01,61321.68,58946.0,60326.39,23967.92481,1445604381.9363792,3872577
1728432000000,2024-10-09,BTCUSDT,62160.5,62543.75,60301.0,60636.02,20011.15684,1234778807.5932417,3668363
1728345600000,2024-10-08,BTCUSDT,62224.01,63200.0,61860.31,62160.49,19702.22371,1230076253.818657,3798438
1728259200000,2024-10-07,BTCUSDT,62819.91,64478.19,62128.0,62224.0,25966.1852,1646315506.5791945,4809342
1728172800000,2024-10-06,BTCUSDT,62058.01,62975.0,61798.97,62819.91,8906.86177,555669634.4773513,1556553
1728086400000,2024-10-05,BTCUSDT,62086.0,62370.56,61689.26,62058.0,7807.46141,484588468.3419123,1183175
1728000000000,2024-10-04,BTCUSDT,60752.72,62484.85,60459.9,62086.0,21294.65994,1311145630.5020497,3798631
1727913600000,2024-10-03,BTCUSDT,60649.27,61477.19,59828.11,60752.71,26221.43472,1590773866.8074436,5244004
1727827200000,2024-10-02,BTCUSDT,60804.92,62390.31,60000.0,60649.28,31534.70118,1928377637.836784,5313210
1727740800000,2024-10-01,BTCUSDT,63327.6,64130.63,60164.0,60805.78,43671.48108,2723672081.8326254,5607069
1727654400000,2024-09-30,BTCUSDT,65602.01,65618.8,62856.3,63327.59,30011.08752,1920250261.744216,3978584
1727568000000,2024-09-29,BTCUSDT,65858.0,66076.12,65432.0,65602.01,8337.74111,547980013.7152303,1413449
1727481600000,2024-09-28,BTCUSDT,65769.95,66260.0,65422.23,65858.0,9127.23316,600118483.1222521,1341703
1727395200000,2024-09-27,BTCUSDT,65173.99,66498.0,64819.9,65769.95,22048.80487,1448852210.3602211,3498529
1727308800000,2024-09-26,BTCUSDT,63152.01,65839.0,62670.0,65173.99,28373.30593,1831204595.9448967,4361333
1727222400000,2024-09-25,BTCUSDT,64262.7,64817.99,62947.08,63152.01,17813.11168,1135250828.2732148,3355531
1727136000000,2024-09-24,BTCUSDT,63339.99,64688.0,62700.0,64262.7,23185.04759,1472720338.8562915,3870157
1727049600000,2024-09-23,BTCUSDT,63578.76,64745.88,62538.75,63339.99,24078.05287,1531015038.368027,3999187
1726963200000,2024-09-22,BTCUSDT,63348.97,64000.0,62357.93,63578.76,14242.19892,897477338.3735126,2145736
1726876800000,2024-09-21,BTCUSDT,63201.05,63559.9,62758.0,63348.96,8375.34608,528657852.3183024,1283611
1726790400000,2024-09-20,BTCUSDT,62948.0,64133.32,62350.0,63201.05,25466.37794,1611195963.9908044,3969296
1726704000000,2024-09-19,BTCUSDT,61759.98,63850.0,61555.0,62947.99,34332.52608,2153175931.173872,4438284
1726617600000,2024-09-18,BTCUSDT,60313.99,61786.24,59174.8,61759.99,36087.02469,2174000496.820776,5167671
1726531200000,2024-09-17,BTCUSDT,58213.99,61320.0,57610.01,60313.99,33116.25878,1983378424.775704,3918209
1726444800000,2024-09-16,BTCUSDT,59132.0,59210.7,57493.3,58213.99,26477.5642,1543273198.7027452,3145152
1726358400000,2024-09-15,BTCUSDT,59993.02,60395.8,58691.05,59132.0,13757.92361,822410872.3906957,1552950
1726272000000,2024-09-14,BTCUSDT,60497.99,60610.45,59400.0,59993.03,12137.90901,728527024.3416963,1288784
1726185600000,2024-09-13,BTCUSDT,58132.31,60625.0,57632.62,60498.0,29825.23333,1760671733.5492995,3378012
1726099200000,2024-09-12,BTCUSDT,57338.0,58588.0,57324.0,58132.32,31074.40631,1802848638.0757017,3706764
1726012800000,2024-09-11,BTCUSDT,57635.99,57981.71,55545.19,57338.0,33026.56757,1875738697.3784156,4045103
1725926400000,2024-09-10,BTCUSDT,57042.01,58044.36,56386.4,57635.99,23626.78126,1349365460.0900574,2843148
1725840000000,2024-09-09,BTCUSDT,54869.95,58088.0,54591.96,57042.0,32384.51737,1809715390.0493293,3355912
1725753600000,2024-09-08,BTCUSDT,54160.86,55318.0,53629.01,54869.95,16274.14779,885743172.9184759,1796092
1725667200000,2024-09-07,BTCUSDT,53962.97,54850.0,53745.54,54160.86,16694.04774,905693342.5898322,1920923
1725580800000,2024-09-06,BTCUSDT,56180.0,57008.0,52550.0,53962.97,54447.76826,2988914918.924334,5287281
1725494400000,2024-09-05,BTCUSDT,57970.9,58327.07,55643.65,56180.0,27806.91413,1577770853.1007974,3368058
1725408000000,2024-09-04,BTCUSDT,57487.74,58519.0,55606.0,57970.9,35560.82146,2027630870.1796756,3177549
1725321600000,2024-09-03,BTCUSDT,59132.12,59809.65,57415.0,57487.73,22828.18447,1335076815.8599248,2208758
1725235200000,2024-09-02,BTCUSDT,57301.77,59425.69,57128.0,59132.13,22895.01461,1333092369.4465687,1966119
1725148800000,2024-09-01,BTCUSDT,58974.0,59076.59,57201.0,57301.86,20705.15741,1202176847.3910584,2153180
1725062400000,2024-08-31,BTCUSDT,59123.99,59462.38,58744.0,58973.99,8798.409,519849184.86904466,895944
1724976000000,2024-08-30,BTCUSDT,59359.0,59944.07,57701.1,59123.99,28519.32195,1680918972.4658496,2845696
1724889600000,2024-08-29,BTCUSDT,59034.9,61166.99,58713.09,59359.01,27020.90743,1617931684.258576,2743900
1724803200000,2024-08-28,BTCUSDT,59415.0,60234.98,57860.0,59034.9,36868.54275,2183054412.974087,3664134
1724716800000,2024-08-27,BTCUSDT,62834.0,63212.0,58034.01,59415.0,35135.94178,2158144642.992993,2995281
1724630400000,2024-08-26,BTCUSDT,64219.99,64481.0,62800.0,62834.0,19470.05276,1238341818.4320166,2152841
1724544000000,2024-08-25,BTCUSDT,64157.02,65000.0,63773.27,64220.0,12305.47977,789935122.9930241,1263065
1724457600000,2024-08-24,BTCUSDT,64037.24,64494.5,63531.0,64157.01,15857.15616,1015774255.1740764,1551856
1724371200000,2024-08-23,BTCUSDT,60375.83,64955.0,60342.14,64037.24,38118.07089,2375916932.7935486,2555682
1724284800000,2024-08-22,BTCUSDT,61156.03,61400.0,59724.87,60375.84,21241.20588,1288544247.9560175,1718280
1724198400000,2024-08-21,BTCUSDT,59013.8,61820.93,58783.47,61156.03,27983.6422,1682529555.0960548,1981525
1724112000000,2024-08-20,BTCUSDT,59438.5,61400.0,58548.23,59013.8,31477.44548,1890620149.7910202,1904519
1724025600000,2024-08-19,BTCUSDT,58427.35,59617.63,57787.3,59438.5,22809.31251,1336287900.197634,1636295
1723939200000,2024-08-18,BTCUSDT,59491.99,60284.99,58408.92,58427.35,13634.85717,813166580.7264851,1099730
1723852800000,2024-08-17,BTCUSDT,58874.59,59700.0,58785.05,59491.99,7721.72931,457737705.7722839,807159
1723766400000,2024-08-16,BTCUSDT,57541.05,59817.76,57098.62,58874.6,27610.84344,1614654900.3332717,1999539
1723680000000,2024-08-15,BTCUSDT,58683.39,59849.38,56078.54,57541.06,37686.17622,2194915865.052229,2507858
1723593600000,2024-08-14,BTCUSDT,60587.16,61800.0,58433.18,58683.39,28422.76326,1705464263.5058649,1729342
1723507200000,2024-08-13,BTCUSDT,59346.64,61578.1,58392.88,60587.15,27858.95851,1668247896.8477187,1713485
1723420800000,2024-08-12,BTCUSDT,58712.59,60711.09,57642.21,59346.64,37009.91743,2186851067.316586,2293837
1723334400000,2024-08-11,BTCUSDT,60923.51,61858.0,58286.73,58712.59,19189.84512,1152081498.1567774,1319469
1723248000000,2024-08-10,BTCUSDT,60837.99,61470.58,60242.0,60923.51,9995.20621,607372221.2460399,800499
1723161600000,2024-08-09,BTCUSDT,61686.0,61744.37,59535.0,60837.99,30972.48017,1878350555.5122638,1827809
1723075200000,2024-08-08,BTCUSDT,55133.76,62745.14,54730.0,61685.99,48349.52949,2836312292.431818,2603042
1722988800000,2024-08-07,BTCUSDT,56022.0,57736.05,54558.62,55134.16,44269.37684,2490553853.602583,2397504
1722902400000,2024-08-06,BTCUSDT,54018.82,57040.99,53950.0,56022.01,55884.77676,3119018848.329888,3433824
1722816000000,2024-08-05,BTCUSDT,58161.0,58305.59,49000.0,54018.81,162065.59186,8580928177.429902,7568497
1722729600000,2024-08-04,BTCUSDT,60697.99,61117.63,57122.77,58161.0,31616.52003,1874490041.5437357,1886195
1722643200000,2024-08-03,BTCUSDT,61498.34,62198.22,59850.0,60697.99,28034.71567,1711555901.18011,1669555
1722556800000,2024-08-02,BTCUSDT,65354.02,65596.14,61230.01,61498.33,38820.42937,2469588785.6981573,2457735
1722470400000,2024-08-01,BTCUSDT,64628.01,65659.78,62302.0,65354.02,35542.26854,2270877792.65868,2397257
1722384000000,2024-07-31,BTCUSDT,66188.0,66849.24,64530.0,64628.0,22625.43905,1489443332.5960116,1609976
1722297600000,2024-07-30,BTCUSDT,66784.68,67000.0,65302.67,66188.0,23132.25441,1533270724.799421,1622083
1722211200000,2024-07-29,BTCUSDT,68249.88,70079.99,66428.0,66784.69,36467.29633,2499265962.0914555,1952812
1722124800000,2024-07-28,BTCUSDT,67896.49,68318.43,67066.66,68249.88,10868.69394,736755676.1377451,821210
1722038400000,2024-07-27,BTCUSDT,67908.0,69399.99,66650.0,67896.5,31710.21921,2162335067.0234175,1690591
1721952000000,2024-07-26,BTCUSDT,65799.95,68200.0,65722.63,67907.99,24244.36023,1630839588.6966548,1406982
1721865600000,2024-07-25,BTCUSDT,65376.01,66175.49,63456.7,65799.95,35126.42934,2266419771.224864,1830360
1721779200000,2024-07-24,BTCUSDT,65936.0,67102.01,65111.0,65376.0,23082.56277,1526490826.466997,1391053
1721692800000,2024-07-23,BTCUSDT,67532.0,67750.98,65441.08,65936.01,31406.15316,2088544473.3235078,1772089
1721606400000,2024-07-22,BTCUSDT,68165.35,68474.55,66559.97,67532.01,21451.04303,1448418369.8467097,1558140
1721520000000,2024-07-21,BTCUSDT,67139.97,68366.66,65777.0,68165.34,21819.11191,1465757867.9747431,1322942
1721433600000,2024-07-20,BTCUSDT,66660.01,67598.0,66222.46,67139.96,14386.92434,961878801.8482211,995093
1721347200000,2024-07-19,BTCUSDT,63987.92,67386.0,63300.67,66660.0,35634.72739,2331517674.368659,2184889
1721260800000,2024-07-18,BTCUSDT,64087.99,65133.3,63238.48,63987.92,22568.7225,1449872437.6497972,1696742
1721174400000,2024-07-17,BTCUSDT,65044.0,66128.63,63854.0,64087.99,29567.52954,1922412273.0882094,1868671
1721088000000,2024-07-16,BTCUSDT,64724.06,65388.97,62373.24,65043.99,42530.52915,2725231969.2884507,2484783
1721001600000,2024-07-15,BTCUSDT,60797.91,64900.0,60632.3,64724.14,38690.9782,2435540879.028933,2600425
1720915200000,2024-07-14,BTCUSDT,59204.01,61420.69,59194.01,60797.91,21178.33907,1273562988.611176,1456088
1720828800000,2024-07-13,BTCUSDT,57889.09,59850.0,57756.63,59204.02,15357.74519,900429281.1482327,1114391
1720742400000,2024-07-12,BTCUSDT,57339.89,58526.68,56542.47,57889.1,23652.4569,1360201319.0761504,1749738
1720656000000,2024-07-11,BTCUSDT,57725.85,59650.0,57050.0,57339.89,29761.05735,1728929618.0583844,2157661
1720569600000,2024-07-10,BTCUSDT,58050.0,59470.0,57157.79,57725.85,24951.73799,1452293495.6501489,1766696
1720483200000,2024-07-09,BTCUSDT,56714.61,58296.0,56289.45,58050.0,27732.20788,1592351321.655387,1757693
1720396800000,2024-07-08,BTCUSDT,55857.81,58236.73,54260.16,56714.62,48090.2049,2699942701.375511,2554389
1720310400000,2024-07-07,BTCUSDT,58230.13,58449.46,55724.37,55857.81,19118.93918,1094135752.4528687,1289229
1720224000000,2024-07-06,BTCUSDT,56628.79,58475.0,56018.0,58230.13,21651.31558,1235398733.4357028,1411065
1720137600000,2024-07-05,BTCUSDT,57050.02,57546.0,53485.93,56628.79,81348.24756,4515040083.536514,3749255
1720051200000,2024-07-04,BTCUSDT,60208.57,60498.19,56771.0,57050.01,54568.77276,3168619756.2436485,2523236
1719964800000,2024-07-03,BTCUSDT,62135.46,62285.94,59400.0,60208.58,32160.11127,1945901232.9066567,1839372
1719878400000,2024-07-02,BTCUSDT,62900.0,63288.83,61806.28,62135.47,18573.11875,1160792332.6175597,1308816
1719792000000,2024-07-01,BTCUSDT,62772.01,63861.76,62497.2,62899.99,24547.10538,1550980813.6701343,1461508
1719705600000,2024-06-30,BTCUSDT,60986.68,63058.76,60712.21,62772.01,17326.30136,1070250012.5446604,1108912
1719619200000,2024-06-29,BTCUSDT,60427.84,61224.0,60383.77,60986.68,11509.55904,701345872.4881144,767669
1719532800000,2024-06-28,BTCUSDT,61706.46,62225.31,60063.0,60427.84,24821.19255,1519872032.0266361,1479626
1719446400000,2024-06-27,BTCUSDT,60864.98,62389.22,60606.63,61706.47,18344.28631,1126705164.782892,1062176
1719360000000,2024-06-26,BTCUSDT,61806.01,62487.81,60712.0,60864.99,22485.66463,1381716993.355492,1112152
1719273600000,2024-06-25,BTCUSDT,60293.3,62420.0,60257.06,61806.01,31189.24361,1914901308.84587,1277481
1719187200000,2024-06-24,BTCUSDT,63210.01,63369.8,58402.0,60293.3,52161.35414,3180853460.924751,2190787
1719100800000,2024-06-23,BTCUSDT,64262.01,64521.0,63178.32,63210.01,8224.45447,526848525.0029452,592759
1719014400000,2024-06-22,BTCUSDT,64143.56,64546.81,63943.82,64262.01,7308.95542,470027247.3402083,562832
1718928000000,2024-06-21,BTCUSDT,64869.99,65066.66,63379.35,64143.56,25993.56442,1665541539.708616,1362617
1718841600000,2024-06-20,BTCUSDT,64974.37,66482.94,64559.15,64869.99,24265.29031,1584896152.16637,1282687
1718755200000,2024-06-19,BTCUSDT,65175.32,65727.54,64666.0,64974.37,20060.79576,1307731953.9545314,1078458
1718668800000,2024-06-18,BTCUSDT,66504.33,66588.23,64060.0,65175.32,42350.10244,2755141806.03109,2151711
1718582400000,2024-06-17,BTCUSDT,66676.86,67298.81,65130.0,66504.33,27386.16851,1812061226.756565,1542620
1718496000000,2024-06-16,BTCUSDT,66228.25,66998.7,66034.5,66676.87,9392.52223,624653672.6138575,703295
1718409600000,2024-06-15,BTCUSDT,66043.99,66478.48,65857.1,66228.25,11451.80242,758175888.0283372,700886
1718323200000,2024-06-14,BTCUSDT,66773.01,67370.24,65078.0,66043.99,28408.18797,1884451554.428285,1736314
1718236800000,2024-06-13,BTCUSDT,68263.98,68449.3,66251.78,66773.01,29079.55571,1958897960.917292,1518202
1718150400000,2024-06-12,BTCUSDT,67314.23,69999.0,66905.0,68263.99,37175.32356,2550285139.184372,1670745
1718064000000,2024-06-11,BTCUSDT,69540.0,69590.01,66051.0,67314.24,41436.01588,2793799020.4691243,1782415
1717977600000,2024-06-10,BTCUSDT,69648.15,70195.94,69172.29,69540.0,17122.66941,1192466549.969123,936731
1717891200000,2024-06-09,BTCUSDT,69310.46,69857.14,69130.24,69648.14,9890.56709,687344656.0725566,575583
1717804800000,2024-06-08,BTCUSDT,69355.6,69582.2,69168.02,69310.46,9773.82967,678267390.5310388,714103
1717718400000,2024-06-07,BTCUSDT,70799.06,71997.02,68420.0,69355.6,35598.45045,2507250591.3329787,1516415
1717632000000,2024-06-06,BTCUSDT,71108.0,71700.0,70117.64,70799.06,21842.00449,1551467659.1542966,900226
1717545600000,2024-06-05,BTCUSDT,70537.83,71758.0,70383.66,71108.0,28703.18082,2040073765.86764,1055115
1717459200000,2024-06-04,BTCUSDT,68809.89,71063.45,68567.32,70537.84,29619.78489,2069902136.99324,1254515
1717372800000,2024-06-03,BTCUSDT,67765.62,70288.0,67612.48,68809.9,29633.374,2047757076.2268357,1253789
1717286400000,2024-06-02,BTCUSDT,67766.84,68460.0,67257.47,67765.63,15426.32529,1046827665.3829312,812348
1717200000000,2024-06-01,BTCUSDT,67540.01,67900.0,67428.44,67766.85,8837.66133,598305207.9932046,638484
1717113600000,2024-05-31,BTCUSDT,68352.17,69044.1,66670.0,67540.01,26690.32184,1812659052.2496767,1177860
1717027200000,2024-05-30,BTCUSDT,67652.41,69500.0,67128.0,68352.17,28478.2184,1945001081.5215867,1272851
1716940800000,2024-05-29,BTCUSDT,68398.4,68935.68,67124.65,67652.42,23159.83149,1573095221.6483984,1221044
1716854400000,2024-05-28,BTCUSDT,69436.43,69591.81,67277.91,68398.39,32622.97042,2224860225.799223,1459351
1716768000000,2024-05-27,BTCUSDT,68507.67,70687.56,68250.0,69436.43,23136.92737,1604722197.8374028,1219341
1716681600000,2024-05-26,BTCUSDT,69290.56,69562.23,68128.01,68507.67,11872.11797,818914878.9908898,722849
1716595200000,2024-05-25,BTCUSDT,68549.99,69610.0,68500.0,69290.57,12130.39418,837339788.9838961,703803
1716508800000,2024-05-24,BTCUSDT,67969.66,69250.0,66600.12,68549.99,28095.83664,1906438696.7156007,1165907
1716422400000,2024-05-23,BTCUSDT,69166.62,70096.12,66312.16,67969.65,40513.17374,2766790260.7886024,1827855
1716336000000,2024-05-22,BTCUSDT,70148.34,70666.0,68842.19,69166.62,27673.18026,1931700812.3032143,1371973
1716249600000,2024-05-21,BTCUSDT,71446.62,71979.0,69162.94,70148.34,49607.4336,3509345769.233608,2137448
1716163200000,2024-05-20,BTCUSDT,66274.0,71515.56,66060.31,71446.62,50816.7011,3485474763.7522936,1930939
1716076800000,2024-05-19,BTCUSDT,66915.2,67700.0,65857.25,66274.01,18025.30409,1204989222.8768687,823729
1715990400000,2024-05-18,BTCUSDT,67024.0,67400.01,66600.0,66915.2,14441.25774,967145944.6835315,734067
1715904000000,2024-05-17,BTCUSDT,65235.21,67451.2,65106.38,67024.0,26292.23409,1745971822.3447456,1117254
1715817600000,2024-05-16,BTCUSDT,66206.51,66752.01,64602.77,65235.21,31106.3671,2045507646.829385,1269793
1715731200000,2024-05-15,BTCUSDT,61577.49,66444.16,61319.47,66206.5,43559.74719,2794259631.8910465,1729454
1715644800000,2024-05-14,BTCUSDT,62940.09,63118.36,61142.77,61577.49,29088.72041,1800171876.1676652,1127939
1715558400000,2024-05-13,BTCUSDT,61484.0,63450.0,60749.21,62940.08,32733.41839,2041896626.6108148,1371433
1715472000000,2024-05-12,BTCUSDT,60825.99,61888.0,60610.0,61483.99,12753.13236,781041632.4623835,727113
1715385600000,2024-05-11,BTCUSDT,60799.99,61515.0,60487.09,60825.99,13374.56936,814928013.4573288,753281
1715299200000,2024-05-10,BTCUSDT,63074.0,63469.13,60187.12,60799.99,36529.34025,2255550468.413852,1500643
1715212800000,2024-05-09,BTCUSDT,61193.03,63429.03,60630.0,63074.01,30660.8061,1895849912.7734754,1381957
1715126400000,2024-05-08,BTCUSDT,62312.07,63020.22,60888.0,61193.03,26121.19004,1623561041.1255188,1415152
1715040000000,2024-05-07,BTCUSDT,63165.18,64422.41,62261.0,62312.08,25598.79472,1624531631.592377,1272898
1714953600000,2024-05-06,BTCUSDT,64012.0,65500.0,62700.0,63165.19,34674.91949,2218131198.4661326,1392557
1714867200000,2024-05-05,BTCUSDT,63892.03,64646.0,62822.17,64012.0,18526.75029,1182572239.5306184,992921
1714780800000,2024-05-04,BTCUSDT,62882.01,64540.0,62541.03,63892.04,24368.69282,1547468697.8765795,1113509
1714694400000,2024-05-03,BTCUSDT,59060.6,63333.0,58811.32,62882.01,43628.40143,2658193708.347904,1558661
1714608000000,2024-05-02,BTCUSDT,58364.97,59625.0,56911.84,59060.61,47583.81961,2778840305.0505786,1572898
1714521600000,2024-05-01,BTCUSDT,60672.01,60841.63,56552.82,58364.97,81166.46823,4705572361.7402,2401089
1714435200000,2024-04-30,BTCUSDT,63866.0,64734.0,59191.6,60672.0,54947.65535,3372142467.432252,1985671
1714348800000,2024-04-29,BTCUSDT,63118.62,64228.35,61765.53,63866.0,28150.22947,1765038324.6837213,1152296
1714262400000,2024-04-28,BTCUSDT,63461.98,64370.0,62781.0,63118.62,16949.20005,1078450016.4732296,790652
1714176000000,2024-04-27,BTCUSDT,63770.0,63923.41,62391.24,63461.98,20933.06052,1320337707.787116,912422
1714089600000,2024-04-26,BTCUSDT,64498.33,64820.01,63297.48,63770.01,27085.19346,1736631357.3537388,1025561
1714003200000,2024-04-25,BTCUSDT,64289.58,65297.94,62794.0,64498.34,31341.46338,2007704069.2622726,1375324
1713916800000,2024-04-24,BTCUSDT,66414.0,67070.43,63606.06,64289.59,33595.69637,2195714861.657656,1784897
1713830400000,2024-04-23,BTCUSDT,66819.32,67183.01,65765.81,66414.0,22599.90004,1502139968.7198815,1433915
1713744000000,2024-04-22,BTCUSDT,64941.15,67232.35,64500.0,66819.32,31397.99371,2071690434.976552,1816591
1713657600000,2024-04-21,BTCUSDT,64940.58,65695.56,64237.5,64941.15,19316.42152,1254396628.1531765,1390153
1713571200000,2024-04-20,BTCUSDT,63818.01,65419.0,63090.07,64940.59,23137.42975,1486949581.439479,1376712
1713484800000,2024-04-19,BTCUSDT,63470.09,65450.0,59600.01,63818.01,69774.30271,4419893235.183287,2828284
1713398400000,2024-04-18,BTCUSDT,61277.38,64117.09,60803.35,63470.08,43601.60918,2726741448.8868027,2142511
1713312000000,2024-04-17,BTCUSDT,63793.4,64499.0,59678.16,61277.37,50610.54509,3128625247.4738536,2458327
1713225600000,2024-04-16,BTCUSDT,63419.99,64365.0,61600.0,63793.39,53435.29331,3355338198.446913,2604354
1713139200000,2024-04-15,BTCUSDT,65661.85,66867.07,62274.4,63419.99,52389.53069,3398072231.5612235,2539048
1713052800000,2024-04-14,BTCUSDT,63924.52,65840.0,62134.0,65661.84,61599.17818,3946124834.6970353,2657953
1712966400000,2024-04-13,BTCUSDT,67116.52,67929.0,60660.57,63924.51,71395.22019,4614468627.809045,3341340
1712880000000,2024-04-12,BTCUSDT,70006.22,71227.46,65086.86,67116.52,56072.86229,3843551585.3212743,2496617
1712793600000,2024-04-11,BTCUSDT,70631.08,71305.89,69567.21,70006.23,31917.25595,2247473274.6162577,1658995
1712707200000,2024-04-10,BTCUSDT,69146.0,71172.08,67518.0,70631.08,42006.02377,2901564970.815804,1852170
1712620800000,2024-04-09,BTCUSDT,71620.0,71758.19,68210.0,69146.0,39293.90242,2749007421.6421075,1804157
1712534400000,2024-04-08,BTCUSDT,69360.38,72797.99,69043.24,71620.0,45723.87624,3270853309.662943,2037025
1712448000000,2024-04-07,BTCUSDT,68896.0,70326.29,68824.0,69360.39,21534.74433,1496213373.1855776,1269048
1712361600000,2024-04-06,BTCUSDT,67820.63,69692.0,67447.83,68896.0,20134.28919,1373131967.7648187,1171460
1712275200000,2024-04-05,BTCUSDT,68487.8,68756.67,65952.56,67820.62,37915.23073,2555458935.236009,1901980
1712188800000,2024-04-04,BTCUSDT,65963.27,69309.91,65064.52,68487.79,41510.48453,2795469450.572386,2000945
1712102400000,2024-04-03,BTCUSDT,65463.99,66903.63,64493.07,65963.28,39887.21778,2630556596.135929,2172096
1712016000000,2024-04-02,BTCUSDT,69649.81,69674.23,64550.0,65463.99,71799.82793,4750030717.922425,2662410
1711929600000,2024-04-01,BTCUSDT,71280.0,71288.23,68062.86,69649.8,41445.32039,2876486469.465523,1893438
1711843200000,2024-03-31,BTCUSDT,69582.17,71366.0,69562.99,71280.01,19396.34433,1367523707.261245,1181926
1711756800000,2024-03-30,BTCUSDT,69850.53,70321.1,69540.0,69582.18,13644.61142,954555919.6855744,1110488
1711670400000,2024-03-29,BTCUSDT,70780.6,70916.16,69009.0,69850.54,25445.08353,1779608477.3224537,1522607
1711584000000,2024-03-28,BTCUSDT,69469.99,71552.06,68903.62,70780.6,35439.03239,2500571208.002628,1799897
1711497600000,2024-03-27,BTCUSDT,69987.99,71769.54,68359.18,69469.99,49119.35685,3426458581.943343,2453366
1711411200000,2024-03-26,BTCUSDT,69880.0,71561.1,69280.0,69988.0,38934.38417,2738537345.33588,2176807
1711324800000,2024-03-25,BTCUSDT,67210.0,71150.0,66385.06,69880.01,53431.14486,3679964073.811213,2632220
1711238400000,2024-03-24,BTCUSDT,63990.02,67628.69,63772.29,67209.99,31395.78015,2059312948.6486876,1880774
1711152000000,2024-03-23,BTCUSDT,63796.64,65999.0,63000.0,63990.01,26410.11409,1706152172.6316135,1753566
1711065600000,2024-03-22,BTCUSDT,65501.28,66649.62,62260.0,63796.64,51482.37821,3310481978.1076455,2492881
1710979200000,2024-03-21,BTCUSDT,67840.51,68240.47,64529.01,65501.27,53357.48002,3551223142.9644165,2388390
1710892800000,2024-03-20,BTCUSDT,61937.41,68100.0,60775.0,67840.51,90420.58592,5769770052.062583,3549793
1710806400000,2024-03-19,BTCUSDT,67610.0,68124.11,61555.0,61937.4,101005.32487,6484805948.535394,3593832
1710720000000,2024-03-18,BTCUSDT,68393.47,68956.0,66565.2,67609.99,55691.08088,3768277912.4189186,2464515
1710633600000,2024-03-17,BTCUSDT,65300.64,68904.4,64533.0,68393.48,49742.21589,3322963634.2425127,2449156
1710547200000,2024-03-16,BTCUSDT,69499.84,70043.0,64780.0,65300.63,55926.95336,3788544202.884856,2729019
1710460800000,2024-03-15,BTCUSDT,71388.94,72419.71,65600.0,69499.85,103334.03546,7065279917.872112,3904445
1710374400000,2024-03-14,BTCUSDT,73072.4,73777.0,68555.0,71388.94,71757.628746,5132189849.096632,2994869
1710288000000,2024-03-13,BTCUSDT,71452.0,73650.25,71333.31,73072.41,52659.711647,3829764501.253793,2501197
1710201600000,2024-03-12,BTCUSDT,72078.1,73000.0,68620.82,71452.01,68783.546691,4909667978.559338,3047890
1710115200000,2024-03-11,BTCUSDT,68955.88,72800.0,67024.96,72078.1,75292.825726,5352704377.618805,3043414
1710028800000,2024-03-10,BTCUSDT,68313.28,69887.61,68094.75,68955.88,38404.66835,2659307501.094578,2139518
1709942400000,2024-03-09,BTCUSDT,68124.2,68541.1,67861.1,68313.27,19872.89743,1355964036.9092987,1345341
1709856000000,2024-03-08,BTCUSDT,66823.18,69990.0,66082.66,68124.19,74261.932842,5044395324.399055,2943927
1709769600000,2024-03-07,BTCUSDT,66074.04,67980.0,65551.0,66823.17,53059.8869,3548088039.273608,2428227
1709683200000,2024-03-06,BTCUSDT,63724.01,67641.1,62779.14,66074.04,78738.85491,5197743036.597276,3302981
1709596800000,2024-03-05,BTCUSDT,68245.71,69000.0,59005.0,63724.01,132696.7813,8674526591.287142,5310706
1709510400000,2024-03-04,BTCUSDT,63113.97,68499.0,62300.0,68245.71,84835.16005,5568877537.081252,3887853
1709424000000,2024-03-03,BTCUSDT,61987.28,63231.88,61320.0,63113.97,28994.90903,1804536272.9443457,1992011
1709337600000,2024-03-02,BTCUSDT,62387.9,62433.19,61561.12,61987.28,25534.73659,1582566973.834093,1641808
1709251200000,2024-03-01,BTCUSDT,61130.99,63114.23,60777.0,62387.9,47737.93473,2956537377.9660296,1947444
1709164800000,2024-02-29,BTCUSDT,62432.11,63676.35,60364.7,61130.98,78425.07603,4872212871.27608,3169405
1709078400000,2024-02-28,BTCUSDT,57037.35,64000.0,56691.85,62432.1,118763.46984,7162581994.48574,3895062
1708992000000,2024-02-27,BTCUSDT,54476.48,57588.15,54450.13,57037.34,67194.98562,3795949115.2249317,2414285
1708905600000,2024-02-26,BTCUSDT,51728.85,54910.0,50901.44,54476.47,51256.72199,2710403072.980595,1808909
1708819200000,2024-02-25,BTCUSDT,51568.21,51958.55,51279.8,51728.85,18721.63159,966951114.4504627,923992
1708732800000,2024-02-24,BTCUSDT,50744.15,51698.0,50585.0,51568.22,16560.4211,847793393.571868,855015
1708646400000,2024-02-23,BTCUSDT,51288.42,51548.54,50521.0,50744.15,30545.79544,1559143576.8296163,1487039
1708560000000,2024-02-22,BTCUSDT,51849.38,52065.78,50940.78,51288.42,35309.44574,1820949707.158534,1688184
1708473600000,2024-02-21,BTCUSDT,52258.82,52366.8,50625.0,51849.39,43079.40049,2210278288.725095,1824860
1708387200000,2024-02-20,BTCUSDT,51774.74,52985.0,50760.37,52258.82,49614.47318,2574874999.378717,1971912
1708300800000,2024-02-19,BTCUSDT,52137.68,52488.77,51677.0,51774.73,29534.99432,1539600521.6007729,1542990
1708214400000,2024-02-18,BTCUSDT,51642.64,52377.0,51163.28,52137.67,21992.10363,1139209588.4334626,1375422
1708128000000,2024-02-17,BTCUSDT,52124.1,52162.82,50625.0,51642.64,25674.00622,1319908544.9790893,1427773
1708041600000,2024-02-16,BTCUSDT,51880.01,52572.08,51566.0,52124.11,37772.25318,1965003863.9713345,1583711
1707955200000,2024-02-15,BTCUSDT,51795.17,52816.62,51314.0,51880.0,53816.03055,2802825737.992016,1786569
1707868800000,2024-02-14,BTCUSDT,49699.6,52043.71,49225.01,51795.17,57046.37401,2919604456.723313,1859392
1707782400000,2024-02-13,BTCUSDT,49917.28,50368.61,48300.95,49699.59,55551.56706,2745025370.067447,1741811
1707696000000,2024-02-12,BTCUSDT,48300.0,50334.82,47710.01,49917.27,59009.96705,2898220863.0181804,1939394
1707609600000,2024-02-11,BTCUSDT,47751.08,48592.66,47557.16,48299.99,29958.80837,1443314885.7714052,1407270
1707523200000,2024-02-10,BTCUSDT,47132.78,48170.0,46800.0,47751.09,24802.35936,1176079377.6922762,1323421
1707436800000,2024-02-09,BTCUSDT,45288.66,48200.0,45242.12,47132.77,73503.481,3453043306.420976,2323884
1707350400000,2024-02-08,BTCUSDT,44349.6,45614.3,44331.1,45288.65,45439.62231,2042912128.1517663,1863650
1707264000000,2024-02-07,BTCUSDT,43098.96,44396.5,42788.0,44349.6,34392.59915,1496013692.382922,1378809
1707177600000,2024-02-06,BTCUSDT,42708.7,43399.98,42574.0,43098.95,24675.85433,1061049582.6002768,1120760
1707091200000,2024-02-05,BTCUSDT,42582.88,43569.76,42258.1,42708.7,29467.75905,1262620640.5407171,1317397
1707004800000,2024-02-04,BTCUSDT,43011.1,43119.04,42222.0,42582.88,17066.89404,730999557.7083682,931235
1706918400000,2024-02-03,BTCUSDT,43199.99,43380.01,42880.0,43011.09,12033.40998,518775350.03360087,609962
1706832000000,2024-02-02,BTCUSDT,43082.95,43488.0,42546.79,43200.0,29672.14418,1277919437.2905612,1086342
1706745600000,2024-02-01,BTCUSDT,42580.0,43285.13,41884.28,43082.94,35231.04664,1497121440.644002,1392269
1706659200000,2024-01-31,BTCUSDT,42941.1,43745.11,42276.84,42580.0,39871.13688,1711665577.0530822,1499559
1706572800000,2024-01-30,BTCUSDT,43302.71,43882.36,42683.99,42941.1,37619.24546,1633251085.6713598,1316610
1706486400000,2024-01-29,BTCUSDT,42031.05,43333.0,41804.88,43302.7,31542.74207,1343462280.3618684,1197856
1706400000000,2024-01-28,BTCUSDT,42120.63,42842.68,41620.81,42031.06,27294.99838,1154365891.668259,1032493
1706313600000,2024-01-27,BTCUSDT,41823.51,42200.0,41394.34,42120.63,16224.41667,678418702.3509445,751148
1706227200000,2024-01-26,BTCUSDT,39961.09,42246.82,39822.52,41823.51,47384.96726,1951700659.2898073,1624861
1706140800000,2024-01-25,BTCUSDT,40084.89,40300.24,39550.0,39961.09,31022.11853,1238813296.1526136,1291233
1706054400000,2024-01-24,BTCUSDT,39897.59,40555.0,39484.19,40084.88,39293.82861,1569704923.830749,1675615
1705968000000,2024-01-23,BTCUSDT,39568.02,40176.74,38555.0,39897.6,57956.63351,2275851990.6468267,2043925
1705881600000,2024-01-22,BTCUSDT,41580.32,41689.65,39431.58,39568.02,55426.19911,2247452153.795433,2147250
1705795200000,2024-01-21,BTCUSDT,41696.05,41881.39,41500.98,41580.33,11730.16301,489151571.0309043,657817
1705708800000,2024-01-20,BTCUSDT,41659.03,41872.56,41456.3,41696.04,15923.99493,662768008.1509343,807324
1705622400000,2024-01-19,BTCUSDT,41327.51,42196.86,40280.0,41659.03,48342.74559,1993846466.538752,1641428
1705536000000,2024-01-18,BTCUSDT,42776.09,42930.0,40683.28,41327.5,43907.51641,1839426541.2635791,1466087
1705449600000,2024-01-17,BTCUSDT,43137.94,43198.0,42200.69,42776.1,33266.21388,1419888430.9228892,1438172
1705363200000,2024-01-16,BTCUSDT,42511.1,43578.01,42050.0,43137.95,45045.74589,1931947150.0590703,1716580
1705276800000,2024-01-15,BTCUSDT,41732.35,43400.43,41718.05,42511.1,40269.89303,1718982911.1081028,1657611
1705190400000,2024-01-14,BTCUSDT,42847.99,43079.0,41720.0,41732.35,28228.40894,1202212782.257693,1235727
1705104000000,2024-01-13,BTCUSDT,42782.74,43257.0,42436.12,42847.99,36118.47464,1547370611.5531662,1434243
1705017600000,2024-01-12,BTCUSDT,46339.16,46515.53,41500.0,42782.73,86327.93707,3827483735.576057,2809192
1704931200000,2024-01-11,BTCUSDT,46654.0,48969.48,45606.06,46339.16,87470.3296,4105139605.028302,2998451
1704844800000,2024-01-10,BTCUSDT,46110.0,47695.93,44300.36,46653.99,89911.41203,4123809481.712767,3133588
1704758400000,2024-01-09,BTCUSDT,46951.04,47972.0,44748.67,46110.0,69927.66617,3251442072.8083963,2637745
1704672000000,2024-01-08,BTCUSDT,43929.01,47248.99,43175.0,46951.04,72814.57589,3298772150.681508,2364464
1704585600000,2024-01-07,BTCUSDT,43968.32,44480.59,43572.09,43929.02,23023.8508,1014635096.1241481,1109259
1704499200000,2024-01-06,BTCUSDT,44145.12,44214.42,43397.05,43968.32,17835.06144,781212883.4916061,956642
1704412800000,2024-01-05,BTCUSDT,44151.1,44357.46,42450.0,44145.11,48075.25327,2100953924.3687155,2064845
1704326400000,2024-01-04,BTCUSDT,42845.23,44729.58,42613.77,44151.1,48038.06334,2095095359.493635,1819944
1704240000000,2024-01-03,BTCUSDT,44946.91,45500.0,40750.0,42845.23,81194.55173,3507104563.7442317,2658041
1704153600000,2024-01-02,BTCUSDT,44179.55,45879.63,44148.34,44946.91,65146.40661,2944331821.823076,2247532
1704067200000,2024-01-01,BTCUSDT,42283.58,44184.1,42180.77,44179.55,27174.29903,1169995682.0280015,1114623
1703980800000,2023-12-31,BTCUSDT,42140.29,42899.0,41965.84,42283.58,23585.91603,1001519241.5559055,1016484
1703894400000,2023-12-30,BTCUSDT,42066.94,42612.32,41520.3,42140.28,22906.57818,964875790.984935,936545
1703808000000,2023-12-29,BTCUSDT,42563.76,43111.0,41300.0,42066.95,42597.18912,1803086285.2465773,1571137
1703721600000,2023-12-28,BTCUSDT,43428.86,43787.57,42241.79,42563.76,35150.52485,1508408742.3780813,1391826
1703635200000,2023-12-27,BTCUSDT,42508.93,43677.0,42098.69,43428.85,36191.21136,1554082990.052276,1439770
1703548800000,2023-12-26,BTCUSDT,43576.12,43592.68,41637.6,42508.93,41010.04282,1746333612.3049452,1475816
1703462400000,2023-12-25,BTCUSDT,42991.5,43802.32,42720.43,43576.13,27021.23992,1172053386.5109816,1168428
1703376000000,2023-12-24,BTCUSDT,43702.15,43946.0,42500.0,42991.5,25144.33496,1093460634.8894227,1137678
1703289600000,2023-12-23,BTCUSDT,43969.04,43988.68,43291.1,43702.16,16557.1293,722943825.3332176,849658
1703203200000,2023-12-22,BTCUSDT,43861.79,44398.26,43412.54,43969.04,32783.19638,1436074497.5128598,1404109
1703116800000,2023-12-21,BTCUSDT,43668.92,44242.35,43286.72,43861.8,34624.29384,1514529919.1877794,1500702
1703030400000,2023-12-20,BTCUSDT,42275.99,44283.0,42206.0,43668.93,48710.2947,2115813869.7796192,1934588
1702944000000,2023-12-19,BTCUSDT,42657.8,43497.0,41811.1,42275.99,40927.86444,1747830242.4615936,1609188
1702857600000,2023-12-18,BTCUSDT,41374.64,42757.81,40542.93,42657.8,46734.0925,1936003306.0825727,1741647
1702771200000,2023-12-17,BTCUSDT,42278.02,42424.07,41252.0,41374.65,27722.11452,1161963642.9627964,1227634
1702684800000,2023-12-16,BTCUSDT,41940.29,42724.43,41605.0,42278.03,24118.85747,1020469627.8857331,1180886
1702598400000,2023-12-15,BTCUSDT,43022.26,43080.81,41666.0,41940.3,33421.7932,1416898938.5099788,1323628
1702512000000,2023-12-14,BTCUSDT,42869.03,43420.0,41400.0,43022.26,42047.05709,1798740625.30166,1599536
1702425600000,2023-12-13,BTCUSDT,41492.38,43475.2,40555.0,42869.03,45865.99773,1919703389.4848802,1724659
1702339200000,2023-12-12,BTCUSDT,41253.41,42104.12,40680.0,41492.39,42722.69773,1773961284.3375635,1526411
1702252800000,2023-12-11,BTCUSDT,43789.5,43804.5,40222.0,41253.4,76663.89804,3205540835.5114336,2087142
1702166400000,2023-12-10,BTCUSDT,43713.59,44049.0,43563.0,43789.51,18956.61758,830485162.5569534,830667
1702080000000,2023-12-09,BTCUSDT,44171.0,44358.02,43584.51,43713.6,24925.97008,1096487106.5648336,987352
1701993600000,2023-12-08,BTCUSDT,43273.15,44700.0,43081.1,44170.99,42900.37556,1875581755.4469104,1311268
1701907200000,2023-12-07,BTCUSDT,43762.69,44047.33,42821.1,43273.14,47103.26845,2046945851.8836448,1414759
1701820800000,2023-12-06,BTCUSDT,44073.82,44297.21,43335.28,43762.69,51431.10492,2256979505.594805,1876282
1701734400000,2023-12-05,BTCUSDT,41991.1,44488.0,41414.0,44073.32,67490.74644,2890205389.490126,2072700
1701648000000,2023-12-04,BTCUSDT,39972.26,42420.0,39972.26,41991.1,79272.33059,3285736844.1408806,2112219
1701561600000,2023-12-03,BTCUSDT,39450.35,40250.0,39274.86,39972.26,26710.65335,1059860641.0494444,1151524
1701475200000,2023-12-02,BTCUSDT,38682.51,39717.14,38641.61,39450.35,26696.92161,1043421976.7660652,1034690
1701388800000,2023-12-01,BTCUSDT,37723.97,38999.0,37615.86,38682.52,43415.66324,1669750777.6239815,1523417
1701302400000,2023-11-30,BTCUSDT,37854.65,38145.85,37500.0,37723.96,24740.29147,934491058.9608141,1007791
1701216000000,2023-11-29,BTCUSDT,37818.88,38450.0,37570.0,37854.64,32994.19107,1252586505.66259,1131353
1701129600000,2023-11-28,BTCUSDT,37242.7,38377.0,36868.41,37818.87,37544.46667,1414360251.6823456,1272779
1701043200000,2023-11-27,BTCUSDT,37447.42,37569.23,36707.0,37242.7,30001.07376,1112557435.276792,1238017
1700956800000,2023-11-26,BTCUSDT,37780.67,37814.63,37150.0,37447.43,21264.53723,797321193.5893991,848020
1700870400000,2023-11-25,BTCUSDT,37713.57,37888.0,37591.1,37780.67,11396.14464,430165251.7609749,569448
1700784000000,2023-11-24,BTCUSDT,37294.27,38414.0,37251.51,37713.57,44680.80646,1688715728.079148,1379414
1700697600000,2023-11-23,BTCUSDT,37408.35,37653.44,36870.0,37294.28,23827.92882,888826648.8541473,992284
1700611200000,2023-11-22,BTCUSDT,35741.65,37861.1,35632.01,37408.34,45051.30697,1657141022.427348,1648374
1700524800000,2023-11-21,BTCUSDT,37448.79,37649.44,35735.0,35741.65,47646.54804,1756747495.9818547,1936895
1700438400000,2023-11-20,BTCUSDT,37359.85,37750.0,36677.0,37448.78,36022.70291,1343722642.386475,1485050
1700352000000,2023-11-19,BTCUSDT,36568.11,37500.0,36384.02,37359.86,21246.34648,781531839.4371592,862400
1700265600000,2023-11-18,BTCUSDT,36613.91,36845.49,36178.58,36568.1,17102.24186,624434069.5256634,784498
1700179200000,2023-11-17,BTCUSDT,36163.51,36800.0,35861.1,36613.92,38283.61112,1391225051.1923273,1349322
1700092800000,2023-11-16,BTCUSDT,37858.2,37929.54,35500.0,36163.51,47490.39566,1744503339.0151725,1542446
1700006400000,2023-11-15,BTCUSDT,35551.2,37980.0,35360.0,37858.2,53569.13385,1963249656.5094736,1545427
1699920000000,2023-11-14,BTCUSDT,36462.93,36744.0,34800.0,35551.19,45503.68416,1639130785.0868099,1404428
1699833600000,2023-11-13,BTCUSDT,37064.13,37417.99,36333.0,36462.93,32798.18252,1208037462.3041444,1217191
1699747200000,2023-11-12,BTCUSDT,37129.99,37222.22,36731.1,37064.13,17687.18874,655570813.1382711,810885
1699660800000,2023-11-11,BTCUSDT,37301.63,37408.26,36666.93,37130.0,22984.97235,851924612.7339427,923300
1699574400000,2023-11-10,BTCUSDT,36701.1,37526.0,36324.71,37301.63,43414.04898,1605069174.524103,1297729
1699488000000,2023-11-09,BTCUSDT,35624.72,37972.24,35534.05,36701.09,82537.88885,3033417922.7826815,2138765
1699401600000,2023-11-08,BTCUSDT,35399.13,36106.0,35100.0,35624.72,33401.34137,1185492160.4927278,1132568
1699315200000,2023-11-07,BTCUSDT,35046.09,35888.0,34523.06,35399.12,38688.73692,1358031361.1978528,1352796
1699228800000,2023-11-06,BTCUSDT,35011.89,35276.33,34725.9,35046.09,22346.47086,782427702.2653205,988246
1699142400000,2023-11-05,BTCUSDT,35062.06,35380.0,34448.0,35011.88,24528.73376,859350974.0014893,1038468
1699056000000,2023-11-04,BTCUSDT,34716.78,35255.0,34585.18,35062.07,18377.55545,639958598.4198353,794787
1698969600000,2023-11-03,BTCUSDT,34941.58,34946.5,34120.0,34716.78,39071.20644,1347962831.5658624,1237373
1698883200000,2023-11-02,BTCUSDT,35421.43,35984.99,34300.0,34941.59,48015.57732,1686141698.092171,1450837
1698796800000,2023-11-01,BTCUSDT,34639.78,35582.0,34097.39,35421.43,53473.28165,1856348820.4794533,1624635
1698710400000,2023-10-31,BTCUSDT,34474.74,34720.49,34025.0,34639.77,32737.89822,1125442444.4884882,1179053
1698624000000,2023-10-30,BTCUSDT,34525.88,34856.0,34062.84,34474.73,33657.95976,1159771907.6421053,1117727
1698537600000,2023-10-29,BTCUSDT,34081.01,34750.11,33930.0,34525.89,20685.52176,711652985.1790963,717480
1698451200000,2023-10-28,BTCUSDT,33892.01,34493.33,33860.0,34081.0,16880.13144,575936523.347353,607438
1698364800000,2023-10-27,BTCUSDT,34151.66,34245.0,33390.95,33892.02,32330.40106,1096889423.419842,1112240
1698278400000,2023-10-26,BTCUSDT,34496.05,34824.13,33751.0,34151.66,39744.66255,1363077907.10912,1382785
1698192000000,2023-10-25,BTCUSDT,33922.73,35132.85,33679.05,34496.05,54887.02529,1888210825.6063826,1643976
1698105600000,2023-10-24,BTCUSDT,33069.99,35280.0,32832.34,33922.73,115265.02418,3933194868.1611967,2850160
1698019200000,2023-10-23,BTCUSDT,29992.46,34741.91,29883.6,33069.99,93513.64246,2941620022.8651876,2839938
1697932800000,2023-10-22,BTCUSDT,29909.8,30248.0,29640.0,29992.46,22852.54563,683854827.8969324,1008299
1697846400000,2023-10-21,BTCUSDT,29669.05,30379.99,29464.77,29909.8,27517.51897,821964508.4353629,1152137
1697760000000,2023-10-20,BTCUSDT,28713.71,30207.55,28578.29,29669.04,59422.0992,1753411192.551091,1915748
1697673600000,2023-10-19,BTCUSDT,28320.0,28916.89,28100.66,28713.71,35895.50179,1023984017.0322788,1330256
1697587200000,2023-10-18,BTCUSDT,28395.91,28982.36,28142.87,28320.0,32162.47591,914773525.1527581,1215235
1697500800000,2023-10-17,BTCUSDT,28500.77,28613.65,28069.32,28395.91,38428.44532,1090741746.4830873,1345810
1697414400000,2023-10-16,BTCUSDT,27154.14,30000.0,27112.66,28500.78,78399.22445,2210785548.236096,2289339
1697328000000,2023-10-15,BTCUSDT,26852.48,27293.33,26808.25,27154.15,15274.6917,412673965.3439348,682942
1697241600000,2023-10-14,BTCUSDT,26862.0,26989.58,26789.0,26852.48,10417.25576,280059019.0534013,517837
1697155200000,2023-10-13,BTCUSDT,26759.63,27130.0,26685.0,26862.0,24115.76499,647553796.3580662,1035322
1697068800000,2023-10-12,BTCUSDT,26875.52,26947.04,26555.0,26759.63,23428.64112,626909068.3868717,1066082
1696982400000,2023-10-11,BTCUSDT,27390.12,27477.39,26538.66,26875.52,37349.44706,1007065585.9346406,1336479
1696896000000,2023-10-10,BTCUSDT,27590.12,27735.0,27298.0,27390.12,22776.84383,626258724.2775784,1002272
1696809600000,2023-10-09,BTCUSDT,27917.06,27987.93,27260.0,27590.12,31534.74639,870014634.3621609,1156525
1696723200000,2023-10-08,BTCUSDT,27956.67,28095.14,27687.5,27917.05,19693.56921,549839951.4800811,822730
1696636800000,2023-10-07,BTCUSDT,27931.1,28029.67,27842.08,27956.67,13348.83825,372820279.52314305,641623
1696550400000,2023-10-06,BTCUSDT,27410.39,28295.0,27175.94,27931.09,37983.24277,1052864393.8176136,1326700
1696464000000,2023-10-05,BTCUSDT,27778.57,28120.39,27352.0,27410.39,30681.49619,849415594.0472504,1210397
1696377600000,2023-10-04,BTCUSDT,27426.45,27839.72,27202.0,27778.57,29816.142,820421385.2557852,1188381
1696291200000,2023-10-03,BTCUSDT,27494.51,27676.52,27160.5,27426.46,28928.96555,794301815.4265021,1202377
1696204800000,2023-10-02,BTCUSDT,27992.58,28580.0,27281.44,27494.51,57071.14241,1600944483.4902065,1464158
1696118400000,2023-10-01,BTCUSDT,26962.57,28065.51,26954.09,27992.57,24602.81468,674657121.9944204,883593
1696032000000,2023-09-30,BTCUSDT,26906.96,27094.99,26886.31,26962.56,12804.62307,345406056.6806953,534908
1695945600000,2023-09-29,BTCUSDT,27021.39,27244.89,26665.16,26906.96,28478.76219,767827314.931909,878610
1695859200000,2023-09-28,BTCUSDT,26373.0,27308.48,26342.4,27021.39,44517.83491,1193420040.1309185,1158974
1695772800000,2023-09-27,BTCUSDT,26221.68,26850.0,26112.06,26372.99,34771.57978,918797815.048481,939690
1695686400000,2023-09-26,BTCUSDT,26304.8,26397.46,26088.34,26221.67,18495.35066,485217905.0421048,697727
1695600000000,2023-09-25,BTCUSDT,26248.39,26446.15,25990.46,26304.81,26266.2039,688252596.3809944,873488
1695513600000,2023-09-24,BTCUSDT,26575.97,26738.54,26122.08,26248.38,15706.65771,416368301.3736848,545045
1695427200000,2023-09-23,BTCUSDT,26580.14,26632.81,26509.0,26575.96,9440.7026,250873957.3886738,421717
1695340800000,2023-09-22,BTCUSDT,26568.08,26743.38,26468.77,26580.14,18198.2292,484331618.9485319,567149
1695254400000,2023-09-21,BTCUSDT,27125.01,27159.6,26377.7,26568.08,34476.82662,920768143.3513128,823416
1695168000000,2023-09-20,BTCUSDT,27210.25,27388.63,26800.0,27125.0,34207.21867,927206075.9626272,867288
1695081600000,2023-09-19,BTCUSDT,26762.5,27483.57,26667.79,27210.26,36190.52187,981539255.55962,898076
1694995200000,2023-09-18,BTCUSDT,26527.5,27409.0,26377.35,26762.51,43000.43256,1158780347.6253047,938705
1694908800000,2023-09-17,BTCUSDT,26559.67,26623.25,26399.0,26527.51,12998.10277,344703727.5601071,476775
1694822400000,2023-09-16,BTCUSDT,26599.99,26777.0,26445.0,26559.67,13960.93351,370889866.4592735,526416
1694736000000,2023-09-15,BTCUSDT,26522.73,26888.0,26224.0,26600.0,26227.29369,695203258.0004445,654094
1694649600000,2023-09-14,BTCUSDT,26222.0,26860.49,26126.77,26522.73,38333.1725,1015267319.7730225,799278
1694563200000,2023-09-13,BTCUSDT,25840.1,26405.22,25764.17,26222.0,31610.82753,825437881.4687591,714880
1694476800000,2023-09-12,BTCUSDT,25162.53,26567.0,25131.48,25840.1,56434.38537,1464393036.9616623,1047056
1694390400000,2023-09-11,BTCUSDT,25841.6,25900.69,24901.0,25162.52,41682.32,1057371884.6697066,864138
1694304000000,2023-09-10,BTCUSDT,25901.6,26033.66,25570.57,25841.61,18738.26914,483577459.20553446,489773
1694217600000,2023-09-09,BTCUSDT,25910.5,25945.09,25796.64,25901.61,10980.62277,284109473.8075783,359038
1694131200000,2023-09-08,BTCUSDT,26255.0,26445.5,25647.26,25910.5,28999.76471,754184537.1096923,646852
1694044800000,2023-09-07,BTCUSDT,25759.95,26443.14,25615.38,26255.0,27687.49567,718923008.9071183,631929
1693958400000,2023-09-06,BTCUSDT,25792.11,26040.0,25372.51,25759.95,27262.52386,700763180.8011677,636302
1693872000000,2023-09-05,BTCUSDT,25826.03,25915.49,25562.62,25792.1,21323.39337,548893707.6002005,566736
1693785600000,2023-09-04,BTCUSDT,25971.21,26108.02,25631.21,25826.02,21777.59609,563532890.5699993,596830
1693699200000,2023-09-03,BTCUSDT,25869.52,26135.0,25800.0,25971.21,17474.47667,453100690.1021077,496412
1693612800000,2023-09-02,BTCUSDT,25805.04,25987.5,25752.47,25869.51,16250.77698,419812969.94685984,567728
1693526400000,2023-09-01,BTCUSDT,25940.77,26156.0,25333.75,25805.05,41032.15056,1059444591.7097495,881179
1693440000000,2023-08-31,BTCUSDT,27299.99,27587.51,25655.01,25940.78,51032.80401,1360373186.0116708,944690
1693353600000,2023-08-30,BTCUSDT,27716.34,27768.57,27017.24,27299.99,35448.25848,969086451.1625257,690292
1693267200000,2023-08-29,BTCUSDT,26120.0,28142.85,25922.0,27716.34,74251.99488,2023326050.7584794,1137083
1693180800000,2023-08-28,BTCUSDT,26101.78,26253.99,25864.5,26120.0,22692.62655,591008939.17657,523057
1693094400000,2023-08-27,BTCUSDT,26017.38,26182.23,25966.11,26101.77,12099.64216,315548363.0193776,349090
1693008000000,2023-08-26,BTCUSDT,26060.0,26125.77,25985.92,26017.37,10022.22322,261041530.4758038,329412
1692921600000,2023-08-25,BTCUSDT,26180.05,26314.05,25777.15,26060.01,27753.33772,722611079.1898074,611438
1692835200000,2023-08-24,BTCUSDT,26432.71,26577.87,25864.0,26180.05,30205.22116,792966965.8982657,575619
1692748800000,2023-08-23,BTCUSDT,26055.99,26819.27,25812.82,26432.72,44023.69978,1156326251.922411,673711
1692662400000,2023-08-22,BTCUSDT,26126.92,26139.42,25300.0,26056.0,34247.06688,886782344.160293,603624
1692576000000,2023-08-21,BTCUSDT,26190.0,26258.42,25812.0,26126.92,30267.24233,788205156.3215923,565987
1692489600000,2023-08-20,BTCUSDT,26100.01,26299.0,25971.05,26189.99,19056.91209,497880752.23011583,451543
1692403200000,2023-08-19,BTCUSDT,26054.0,26281.0,25801.09,26100.01,26160.75343,680623880.8247553,615764
1692316800000,2023-08-18,BTCUSDT,26623.41,26832.6,25619.0,26054.0,69790.65711,1834219523.6994042,1293122
1692230400000,2023-08-17,BTCUSDT,28730.51,28783.48,25166.0,26623.41,100271.54033,2755821274.340605,1976577
1692144000000,2023-08-16,BTCUSDT,29200.01,29259.85,28723.08,28730.51,32996.69854,959870747.0063143,768028
1692057600000,2023-08-15,BTCUSDT,29430.92,29499.26,29059.6,29200.0,27503.87691,806683957.3100157,591162
1691971200000,2023-08-14,BTCUSDT,29303.85,29695.32,29102.45,29430.93,31443.11532,924613476.681799,671592
1691884800000,2023-08-13,BTCUSDT,29430.18,29474.65,29272.32,29303.84,11101.70947,326264625.2296824,341726
1691798400000,2023-08-12,BTCUSDT,29426.02,29481.35,29381.56,29430.17,8971.48068,263949405.54340288,310852
1691712000000,2023-08-11,BTCUSDT,29455.76,29564.52,29252.45,29426.03,20637.0443,607176051.3015367,437828
1691625600000,2023-08-10,BTCUSDT,29581.99,29738.0,29320.2,29455.75,23463.45373,692863472.0877249,513691
1691539200000,2023-08-09,BTCUSDT,29770.41,30160.0,29376.67,29581.99,38003.88725,1130396850.0974116,750252
1691452800000,2023-08-08,BTCUSDT,29211.06,30244.0,29146.45,29770.42,45700.53392,1352934531.6659672,877168
1691366400000,2023-08-07,BTCUSDT,29088.43,29276.78,28701.03,29211.06,30966.87746,899492595.6812717,671438
1691280000000,2023-08-06,BTCUSDT,29072.13,29205.09,28991.88,29088.42,13178.1972,383209498.87775046,338654
1691193600000,2023-08-05,BTCUSDT,29114.0,29152.23,28978.64,29072.13,11645.52018,338478560.12182474,331924
1691107200000,2023-08-04,BTCUSDT,29193.65,29333.08,28807.54,29113.99,23551.95217,686643453.3930904,544850
1691020800000,2023-08-03,BTCUSDT,29186.0,29433.33,28968.0,29193.64,26476.91994,773302705.4947629,651970
1690934400000,2023-08-02,BTCUSDT,29705.99,30047.5,28927.5,29186.01,48181.65141,1419729744.649752,945158
1690848000000,2023-08-01,BTCUSDT,29232.26,29739.25,28585.7,29705.99,44719.65162,1299160215.077924,900141
1690761600000,2023-07-31,BTCUSDT,29281.09,29530.0,29101.8,29232.25,22605.48964,663025204.2072345,563115
1690675200000,2023-07-30,BTCUSDT,29352.9,29449.0,29033.24,29281.09,15706.97441,459830379.6509824,454846
1690588800000,2023-07-29,BTCUSDT,29314.14,29406.92,29256.18,29352.9,10851.36844,318276733.8766431,339750
1690502400000,2023-07-28,BTCUSDT,29222.78,29542.22,29123.12,29314.14,23993.61627,702705076.837866,543177
1690416000000,2023-07-27,BTCUSDT,29351.95,29567.49,29083.85,29222.78,22476.47626,659594157.3443576,583045
1690329600000,2023-07-26,BTCUSDT,29228.91,29690.0,29096.94,29351.96,33931.63366,995569172.1396835,750401
1690243200000,2023-07-25,BTCUSDT,29176.5,29376.0,29047.65,29228.91,21565.7478,629531351.1145664,533797
1690156800000,2023-07-24,BTCUSDT,30083.75,30099.58,28861.9,29176.5,39628.99691,1162562413.8190153,869107
1690070400000,2023-07-23,BTCUSDT,29793.99,30350.0,29730.0,30083.75,18292.78637,548940321.0915866,519434
1689984000000,2023-07-22,BTCUSDT,29901.72,29999.0,29625.1,29794.0,14660.40467,437785700.3396102,423988
1689897600000,2023-07-21,BTCUSDT,29800.0,30061.7,29726.34,29901.72,23881.40865,713123417.7612139,555611
1689811200000,2023-07-20,BTCUSDT,29909.21,30417.46,29570.96,29800.0,37540.68193,1125950643.7116497,749723
1689724800000,2023-07-19,BTCUSDT,29859.14,30189.09,29761.96,29909.21,25657.36137,769254865.285115,617415
1689638400000,2023-07-18,BTCUSDT,30138.01,30239.78,29512.0,29859.13,30003.8601,897157095.477411,754775
1689552000000,2023-07-17,BTCUSDT,30232.0,30336.96,29659.2,30138.0,30882.76839,929647644.243343,816466
1689465600000,2023-07-16,BTCUSDT,30289.52,30441.46,30064.29,30231.99,15760.1281,477189328.0072937,494225
1689379200000,2023-07-15,BTCUSDT,30312.0,30390.9,30200.0,30289.52,14118.55329,427921094.3021783,488354
1689292800000,2023-07-14,BTCUSDT,31454.23,31630.0,29900.0,30312.01,60749.48424,1869443273.7476244,1274387
1689206400000,2023-07-13,BTCUSDT,30380.0,31804.2,30251.0,31454.23,70772.51836,2194927210.224416,1301632
1689120000000,2023-07-12,BTCUSDT,30622.1,30983.25,30210.0,30380.0,38108.99669,1166497472.4331727,784195
1689033600000,2023-07-11,BTCUSDT,30411.57,30813.63,30300.0,30622.1,28476.83311,868966244.2412691,691213
1688947200000,2023-07-10,BTCUSDT,30160.71,31045.78,29950.0,30411.57,41262.87652,1254289037.7420728,896853
1688860800000,2023-07-09,BTCUSDT,30284.63,30445.52,30061.12,30160.71,15388.50196,465781514.2589476,473168
1688774400000,2023-07-08,BTCUSDT,30344.7,30386.81,30044.47,30284.63,13094.59042,395759717.57242787,480214
1688688000000,2023-07-07,BTCUSDT,29895.42,30449.0,29701.02,30344.7,34070.53895,1027461795.2332093,912948
1688601600000,2023-07-06,BTCUSDT,30504.8,31500.0,29850.45,29895.43,71319.6261,2181763648.99527,1397042
1688515200000,2023-07-05,BTCUSDT,30766.52,30878.07,30200.0,30504.81,33215.67122,1013694790.3170499,827926
1688428800000,2023-07-04,BTCUSDT,31156.2,31350.69,30620.0,30766.51,33206.11943,1028794008.5245212,779472
1688342400000,2023-07-03,BTCUSDT,30617.02,31380.0,30570.27,31156.2,43761.64311,1352635339.5043936,781855
1688256000000,2023-07-02,BTCUSDT,30585.9,30791.0,30155.0,30617.03,23286.41019,711031423.4334425,591533
1688169600000,2023-07-01,BTCUSDT,30471.99,30661.6,30320.57,30585.9,17501.75075,533859338.1325383,567975
1688083200000,2023-06-30,BTCUSDT,30447.31,31282.0,29500.0,30472.0,89419.07618,2726355505.5063505,1559366
1687996800000,2023-06-29,BTCUSDT,30077.4,30843.98,30049.98,30447.31,36330.62903,1107940389.9242406,758428
1687910400000,2023-06-28,BTCUSDT,30692.44,30709.74,29858.8,30077.41,40463.51937,1224103637.6132562,895470
1687824000000,2023-06-27,BTCUSDT,30267.99,30994.97,30226.17,30692.44,42699.64157,1306206257.0193572,824373
1687737600000,2023-06-26,BTCUSDT,30462.67,30666.0,29930.0,30267.99,45180.41489,1367837657.5451825,954783
1687651200000,2023-06-25,BTCUSDT,30527.44,31046.01,30277.49,30462.66,30223.44801,926316644.4167664,789910
1687564800000,2023-06-24,BTCUSDT,30688.51,30800.0,30250.0,30527.43,30513.30135,933244397.7040019,776343
1687478400000,2023-06-23,BTCUSDT,29884.92,31431.94,29800.0,30688.5,73931.89635,2265077496.195469,1338533
1687392000000,2023-06-22,BTCUSDT,29993.89,30500.0,29525.61,29884.92,59054.5646,1775822103.7632556,1146092
1687305600000,2023-06-21,BTCUSDT,28308.0,30800.0,28257.99,29993.89,108926.40412,3210301129.3662906,1872873
1687219200000,2023-06-20,BTCUSDT,26844.35,28402.74,26652.0,28307.99,69666.95525,1912797983.5310051,1189024
1687132800000,2023-06-19,BTCUSDT,26339.98,27068.09,26256.61,26844.35,35872.65974,954193987.2948112,732735
1687046400000,2023-06-18,BTCUSDT,26516.99,26700.0,26255.85,26339.97,21538.31022,571013013.8553362,555956
1686960000000,2023-06-17,BTCUSDT,26345.01,26839.99,26181.0,26516.99,27842.2195,738491809.8811625,666967
1686873600000,2023-06-16,BTCUSDT,25598.49,26518.0,25175.56,26345.0,51596.91662,1335158158.639614,926194
1686787200000,2023-06-15,BTCUSDT,25128.6,25759.01,24800.0,25598.49,48664.86063,1224436974.8502872,943268
1686700800000,2023-06-14,BTCUSDT,25934.24,26098.0,24820.56,25128.6,45077.31608,1152808416.919793,957418
1686614400000,2023-06-13,BTCUSDT,25905.2,26433.21,25712.57,25934.25,41065.60853,1068985236.5126554,1007138
1686528000000,2023-06-12,BTCUSDT,25925.54,26106.48,25602.11,25905.19,29900.50893,773303698.8633221,858037
1686441600000,2023-06-11,BTCUSDT,25841.22,26206.88,25634.7,25925.55,30014.29595,776111471.8669971,833902
1686355200000,2023-06-10,BTCUSDT,26477.8,26533.87,25358.0,25841.21,64944.60108,1673795235.4008925,1713871
1686268800000,2023-06-09,BTCUSDT,26498.62,26783.33,26269.91,26477.81,27934.7097,741158215.0539023,746911
1686182400000,2023-06-08,BTCUSDT,26339.34,26810.0,26210.0,26498.61,31075.51083,823023638.236875,848252
1686096000000,2023-06-07,BTCUSDT,27230.07,27391.77,26125.01,26339.34,59619.44364,1589291467.5372326,1311928
1686009600000,2023-06-06,BTCUSDT,25728.2,27355.33,25351.02,27230.08,68392.60438,1797636024.0812125,1345725
1685923200000,2023-06-05,BTCUSDT,27115.2,27129.33,25388.0,25728.2,65805.60305,1722665798.09203,1420829
1685836800000,2023-06-04,BTCUSDT,27069.22,27455.02,26951.0,27115.21,19258.41049,523747237.4389696,504474
1685750400000,2023-06-03,BTCUSDT,27242.59,27333.29,26914.93,27069.22,16595.34117,450588672.4704081,466520
1685664000000,2023-06-02,BTCUSDT,26817.93,27300.0,26505.0,27242.59,36380.90269,983857061.640842,811087
1685577600000,2023-06-01,BTCUSDT,27210.36,27350.0,26605.05,26817.93,39217.8088,1055132509.8658342,814389
1685491200000,2023-05-31,BTCUSDT,27694.39,27835.51,26839.01,27210.35,46588.80573,1265952178.7798684,908537
1685404800000,2023-05-30,BTCUSDT,27736.39,28038.59,27554.0,27694.4,32686.75371,908653906.0072743,745633
1685318400000,2023-05-29,BTCUSDT,28065.01,28447.14,27524.6,27736.4,42385.41945,1182678581.634669,805579
1685232000000,2023-05-28,BTCUSDT,26854.28,28261.32,26764.36,28065.0,43916.00855,1205762341.9704952,843861
1685145600000,2023-05-27,BTCUSDT,26705.93,26895.0,26551.0,26854.27,15095.6867,403337263.0344908,415694
1685059200000,2023-05-26,BTCUSDT,26473.8,26932.16,26327.24,26705.92,35061.18713,932817724.5940099,655755
1684972800000,2023-05-25,BTCUSDT,26329.0,26631.98,25871.89,26473.79,37435.44895,984117789.7017612,753125
1684886400000,2023-05-24,BTCUSDT,27219.61,27219.61,26080.5,26329.01,54393.0657,1442636235.4543552,1012767
1684800000000,2023-05-23,BTCUSDT,26849.28,27495.83,26798.11,27219.61,38700.83858,1054565781.6023751,816399
1684713600000,2023-05-22,BTCUSDT,26747.78,27099.89,26538.21,26849.27,26458.83828,709594996.7242744,717111
1684627200000,2023-05-21,BTCUSDT,27102.42,27277.55,26666.03,26747.78,21347.87279,575213570.2794422,568937
1684540800000,2023-05-20,BTCUSDT,26880.26,27150.0,26825.11,27102.43,14434.54718,389225653.7451669,481382
1684454400000,2023-05-19,BTCUSDT,26821.28,27183.6,26630.0,26880.26,28754.13544,772864757.1633048,756295
1684368000000,2023-05-18,BTCUSDT,27405.62,27485.33,26361.2,26821.28,49198.65143,1330745572.694637,1057318
1684281600000,2023-05-17,BTCUSDT,27033.85,27500.0,26544.71,27405.61,42958.97785,1159714527.6352637,1016823
1684195200000,2023-05-16,BTCUSDT,27162.15,27296.89,26852.11,27033.84,33270.45451,900273404.6010331,815642
1684108800000,2023-05-15,BTCUSDT,26917.61,27663.59,26726.0,27162.14,40430.08333,1104633264.1315742,935914
1684022400000,2023-05-14,BTCUSDT,26775.27,27200.0,26560.53,26917.62,21594.8036,580801698.0002693,629537
1683936000000,2023-05-13,BTCUSDT,26795.01,27045.45,26692.03,26775.28,22814.90421,612062852.0866882,605049
1683849600000,2023-05-12,BTCUSDT,26968.61,27091.12,25811.46,26795.01,67207.93494,1777052127.7310932,1351633
1683763200000,2023-05-11,BTCUSDT,27598.74,27630.14,26702.05,26968.62,47635.31365,1295799109.011004,1257000
1683676800000,2023-05-10,BTCUSDT,27628.28,28331.42,26777.0,27598.75,71155.11355,1971173412.435502,1534579
1683590400000,2023-05-09,BTCUSDT,27668.8,27818.0,27353.0,27628.27,40113.31069,1106923908.3058467,1003698
1683504000000,2023-05-08,BTCUSDT,28430.09,28631.01,27262.0,27668.79,68244.36179,1903052694.6684127,1600637
1683417600000,2023-05-07,BTCUSDT,28848.19,29138.29,28395.23,28430.1,30003.41028,865838535.326382,855425
1683331200000,2023-05-06,BTCUSDT,29505.6,29820.0,28300.0,28848.2,49249.28459,1429517892.7805023,1221021
1683244800000,2023-05-05,BTCUSDT,28838.16,29677.0,28800.0,29505.61,58415.83048,1709786814.901134,1288027
1683158400000,2023-05-04,BTCUSDT,29026.16,29379.83,28663.64,28838.16,42575.47501,1233816136.1606576,961542
1683072000000,2023-05-03,BTCUSDT,28669.85,29266.66,28113.69,29026.16,64615.79213,1845961218.843244,1502909
1682985600000,2023-05-02,BTCUSDT,28068.26,28879.88,27872.0,28669.86,50824.5224,1441733922.0116444,1174697
1682899200000,2023-05-01,BTCUSDT,29233.2,29337.34,27666.95,28068.26,64433.65958,1828221138.95444,1362793
1682812800000,2023-04-30,BTCUSDT,29230.45,29969.39,29079.59,29233.21,39752.5372,1172155267.8761897,949458
1682726400000,2023-04-29,BTCUSDT,29311.69,29448.88,29031.0,29230.45,20466.83058,599466910.0466621,619319
1682640000000,2023-04-28,BTCUSDT,29472.77,29599.54,28891.0,29311.7,54298.16578,1590683771.668198,1129240
1682553600000,2023-04-27,BTCUSDT,28415.29,29890.0,28378.86,29472.77,95430.82431,2784859692.36462,1990148
1682467200000,2023-04-26,BTCUSDT,28300.8,30036.0,27235.0,28415.29,129228.40403,3719701461.9091635,2261942
1682380800000,2023-04-25,BTCUSDT,27510.93,28399.99,27192.0,28300.79,52325.14637,1446329375.242731,1087067
1682294400000,2023-04-24,BTCUSDT,27590.59,28000.0,26942.82,27510.93,53111.56874,1458406515.6404212,1211080
1682208000000,2023-04-23,BTCUSDT,27816.85,27816.85,27311.25,27590.6,34812.09581,959389698.7572552,873485
1682121600000,2023-04-22,BTCUSDT,27262.84,27882.72,27140.35,27816.85,36023.69686,989379475.3218232,859500
1682035200000,2023-04-21,BTCUSDT,28243.65,28374.02,27125.0,27262.84,77684.7679,2164667611.9354606,1463628
1681948800000,2023-04-20,BTCUSDT,28797.1,29088.3,28010.0,28243.65,76879.09372,2198854031.424746,1434642
1681862400000,2023-04-19,BTCUSDT,30380.01,30413.53,28520.0,28797.1,86575.48656,2541283888.3034472,1699891
1681776000000,2023-04-18,BTCUSDT,29430.27,30485.0,29096.78,30380.01,62004.89434,1861001491.9786973,1141562
1681689600000,2023-04-17,BTCUSDT,30304.66,30316.06,29240.65,29430.27,56441.81127,1675287761.4330356,1137294
1681603200000,2023-04-16,BTCUSDT,30295.1,30549.99,30120.0,30304.65,26431.99322,801322926.1525651,708233
1681516800000,2023-04-15,BTCUSDT,30466.93,30595.6,30202.0,30295.09,25429.81247,772211097.614016,732418
1681430400000,2023-04-14,BTCUSDT,30373.84,31000.0,29966.0,30466.93,75984.19452,2323267494.38023,1504180
1681344000000,2023-04-13,BTCUSDT,29888.07,30595.0,29854.59,30373.84,51934.11731,1571091101.1299675,1054144
1681257600000,2023-04-12,BTCUSDT,30200.43,30486.0,29637.4,29888.07,62049.48451,1863497606.1415303,1246556
1681171200000,2023-04-11,BTCUSDT,29637.35,30550.0,29590.0,30200.42,67990.07621,2046078278.0821178,1340458
1681084800000,2023-04-10,BTCUSDT,28323.76,29770.0,28170.0,29637.34,67754.0622,1955300943.1708305,1285695
1680998400000,2023-04-09,BTCUSDT,27938.38,28530.0,27800.0,28323.76,32531.16101,913915923.6951956,777589
1680912000000,2023-04-08,BTCUSDT,27906.34,28154.99,27859.02,27938.38,19479.96735,545324518.6860753,624159
1680825600000,2023-04-07,BTCUSDT,28033.83,28100.0,27766.94,27906.33,24762.09387,691323748.9286413,655634
1680739200000,2023-04-06,BTCUSDT,28170.01,28182.05,27711.0,28033.82,40118.94963,1122713087.5561826,934548
1680652800000,2023-04-05,BTCUSDT,28165.47,28775.0,27805.1,28170.01,60737.64732,1721098539.066057,1262730
1680566400000,2023-04-04,BTCUSDT,27800.0,28444.44,27662.79,28165.47,49722.55691,1397141464.875036,1102007
1680480000000,2023-04-03,BTCUSDT,28171.87,28500.99,27200.24,27800.0,79180.01405,2214361048.7823668,1651062
1680393600000,2023-04-02,BTCUSDT,28452.74,28530.0,27856.43,28171.87,37365.65692,1053600933.0676804,938464
1680307200000,2023-04-01,BTCUSDT,28465.36,28819.71,28220.27,28452.73,30238.44753,860804237.452269,822781
1680220800000,2023-03-31,BTCUSDT,28028.53,28656.69,27511.71,28465.36,78198.12139,2203253311.777351,1537349
1680134400000,2023-03-30,BTCUSDT,28348.6,29184.68,27686.0,28028.53,98865.43256,2808471938.6424427,1843652
1680048000000,2023-03-29,BTCUSDT,27261.06,28650.0,27240.1,28348.6,89486.16008,2519887866.2111588,1704217
1679961600000,2023-03-28,BTCUSDT,27124.9,27520.0,26631.78,27261.07,78602.44341,2124533606.7655559,1521981
1679875200000,2023-03-27,BTCUSDT,27968.05,28023.86,26508.14,27124.91,88039.46898,2407130888.034605,1575264
1679788800000,2023-03-26,BTCUSDT,27462.96,28194.4,27417.76,27968.05,49671.70353,1380973402.9961202,1068196
1679702400000,2023-03-25,BTCUSDT,27454.46,27787.33,27156.09,27462.95,50844.08102,1397227639.2141378,1088721
1679616000000,2023-03-24,BTCUSDT,28295.42,28374.3,27000.0,27454.47,86242.06544,2403443392.0273013,1511137
1679529600000,2023-03-23,BTCUSDT,27250.97,28750.0,27105.0,28295.41,128649.60818,3591123573.1149583,2159091
1679443200000,2023-03-22,BTCUSDT,28107.81,28868.05,26601.8,27250.97,224113.41296,6272099822.449624,3589327
1679356800000,2023-03-21,BTCUSDT,27717.01,28438.55,27303.1,28105.47,420929.7422,11760492716.33759,11530870
1679270400000,2023-03-20,BTCUSDT,27972.87,28472.0,27124.47,27717.01,477378.23373,13300424536.514921,11775950
1679184000000,2023-03-19,BTCUSDT,26907.49,28390.1,26827.22,27972.87,372066.99054,10264707987.594164,9578297
1679097600000,2023-03-18,BTCUSDT,27395.13,27724.85,26578.0,26907.49,371238.97174,10135945069.642626,9948603
1679011200000,2023-03-17,BTCUSDT,24998.78,27756.84,24890.0,27395.13,624460.68091,16476681071.24338,13113359
1678924800000,2023-03-16,BTCUSDT,24285.66,25167.4,24123.0,24998.78,439421.32998,10847330151.941006,10418081
1678838400000,2023-03-15,BTCUSDT,24670.41,25196.97,23896.95,24285.66,581450.72984,14291005743.897854,12613034
1678752000000,2023-03-14,BTCUSDT,24112.27,26386.87,23976.42,24670.41,699360.93423,17465307097.88407,15223589
1678665600000,2023-03-13,BTCUSDT,21998.05,24500.0,21813.88,24113.48,687889.31259,15824996078.60564,14820760
1678579200000,2023-03-12,BTCUSDT,20455.73,22150.0,20270.6,21997.11,430944.94288,8982418413.80114,9721933
1678492800000,2023-03-11,BTCUSDT,20150.69,20686.51,19765.03,20455.73,427831.82133,8651590672.468525,10412300
1678406400000,2023-03-10,BTCUSDT,20362.21,20367.78,19549.09,20150.69,618456.4671,12344992788.912497,12106261
1678320000000,2023-03-09,BTCUSDT,21704.37,21834.99,20042.72,20362.22,443658.28584,9403028764.707773,10076702
1678233600000,2023-03-08,BTCUSDT,22198.56,22287.0,21580.0,21705.44,301460.57272,6641171704.24242,8018963
1678147200000,2023-03-07,BTCUSDT,22409.41,22557.91,21927.0,22197.96,292519.80912,6517594938.246053,7813394
1678060800000,2023-03-06,BTCUSDT,22430.24,22602.19,22258.0,22410.0,203751.82957,4569102169.18569,6471278
1677974400000,2023-03-05,BTCUSDT,22346.57,22662.09,22189.22,22430.24,154841.75786,3473011455.187952,4835978
1677888000000,2023-03-04,BTCUSDT,22354.34,22410.0,22157.08,22346.57,121257.38132,2706422995.680256,4169260
1677801600000,2023-03-03,BTCUSDT,23465.32,23476.95,21971.13,22354.34,319954.19785,7167184765.7436495,8214639
1677715200000,2023-03-02,BTCUSDT,23629.76,23796.93,23195.9,23465.32,239315.45219,5603770010.239548,7435815
1677628800000,2023-03-01,BTCUSDT,23141.57,24000.0,23020.03,23628.97,315287.41737,7441571085.495409,9390487
1677542400000,2023-02-28,BTCUSDT,23492.09,23600.0,23020.97,23141.57,264140.99894,6172930936.037335,9568743
1677456000000,2023-02-27,BTCUSDT,23554.85,23897.99,23106.77,23492.09,283706.0859,6659785788.329373,11754195
1677369600000,2023-02-26,BTCUSDT,23157.07,23689.99,23059.18,23554.85,202323.73623,4716158181.22559,9506015
1677283200000,2023-02-25,BTCUSDT,23184.04,23219.13,22722.0,23157.07,191311.8101,4406286300.272117,9124568
1677196800000,2023-02-24,BTCUSDT,23940.2,24132.35,22841.19,23185.29,343582.57453,8087524100.39044,11531424
1677110400000,2023-02-23,BTCUSDT,24182.21,24599.59,23608.0,23940.2,398400.45437,9596083721.512953,11396877
1677024000000,2023-02-22,BTCUSDT,24450.67,24476.05,23574.69,24182.21,379425.75365,9101745945.990707,11395957
1676937600000,2023-02-21,BTCUSDT,24843.89,25250.0,24148.34,24452.16,376000.82868,9280992344.428871,10712371
1676851200000,2023-02-20,BTCUSDT,24272.51,25121.23,23840.83,24842.2,346938.56997,8561226688.07291,9808728
1676764800000,2023-02-19,BTCUSDT,24632.05,25192.0,24192.57,24271.76,300395.99542,7408745406.624343,7660484
1676678400000,2023-02-18,BTCUSDT,24568.24,24877.0,24430.0,24631.95,216917.25213,5339920389.516133,6296097
1676592000000,2023-02-17,BTCUSDT,23517.72,25021.11,23339.37,24569.97,496813.21376,11968532252.05733,10895009
1676505600000,2023-02-16,BTCUSDT,24322.87,25250.0,23505.25,23517.72,450080.68366,11074988148.779009,11006793
1676419200000,2023-02-15,BTCUSDT,22199.84,24380.0,22047.28,24324.05,375669.16111,8604133693.66317,8335550
1676332800000,2023-02-14,BTCUSDT,21774.63,22319.08,21532.77,22199.84,361958.40109,7938385476.792083,7695927
1676246400000,2023-02-13,BTCUSDT,21782.37,21894.99,21351.07,21773.97,295730.76791,6404813758.2696295,6503611
1676160000000,2023-02-12,BTCUSDT,21862.02,22090.0,21630.0,21783.54,204435.65163,4469822441.4372015,4561903
1676073600000,2023-02-11,BTCUSDT,21625.19,21906.32,21599.78,21862.55,177021.58433,3842000897.7975802,4207940
1675987200000,2023-02-10,BTCUSDT,21797.83,21938.16,21451.0,21625.19,338591.94247,7369456394.906654,6993675
1675900800000,2023-02-09,BTCUSDT,22961.85,23011.39,21688.0,21796.35,402894.6955,9052973327.19716,9784291
1675814400000,2023-02-08,BTCUSDT,23242.42,23452.0,22665.85,22963.0,280056.30717,6457585647.820654,7896433
1675728000000,2023-02-07,BTCUSDT,22762.52,23350.25,22745.78,23240.46,308006.72482,7085929136.45685,8293878
1675641600000,2023-02-06,BTCUSDT,22932.91,23158.25,22628.13,22762.52,265371.6069,6076050768.117038,6956395
1675555200000,2023-02-05,BTCUSDT,23327.66,23433.33,22743.0,22932.91,209251.33917,4842463016.833934,5903916
1675468800000,2023-02-04,BTCUSDT,23431.9,23587.78,23253.96,23326.84,166126.47295,3886777607.7960505,4852404
1675382400000,2023-02-03,BTCUSDT,23489.33,23715.7,23204.62,23431.9,332571.02904,7806490899.914181,8007846
1675296000000,2023-02-02,BTCUSDT,23731.41,24255.0,23363.27,23488.94,364177.20751,8673696845.805109,9102300
1675209600000,2023-02-01,BTCUSDT,23125.13,23812.66,22760.23,23732.66,310790.42271,7212542002.3251,7863213
1675123200000,2023-01-31,BTCUSDT,22827.38,23320.0,22714.77,23125.13,264649.34909,6083858924.538485,6798411
1675036800000,2023-01-30,BTCUSDT,23743.37,23800.51,22500.0,22826.15,302405.90121,7020727239.059653,7790224
1674950400000,2023-01-29,BTCUSDT,23021.4,23960.54,22967.76,23742.3,295688.79204,6941922954.136407,7030837
1674864000000,2023-01-28,BTCUSDT,23074.16,23189.0,22878.46,23022.6,148115.71085,3408985411.316586,4181816
1674777600000,2023-01-27,BTCUSDT,23009.65,23500.0,22534.88,23074.16,280833.86315,6461707755.053915,7079096
1674691200000,2023-01-26,BTCUSDT,23060.42,23282.47,22850.01,23009.65,288924.43581,6664592468.337928,7181086
1674604800000,2023-01-25,BTCUSDT,22631.94,23816.73,22300.0,23060.94,346042.83223,7875590359.115837,8060446
1674518400000,2023-01-24,BTCUSDT,22917.81,23162.2,22462.93,22632.89,293158.78254,6721432962.573842,7395584
1674432000000,2023-01-23,BTCUSDT,22706.02,23180.0,22500.0,22916.45,293588.37938,6704191295.975681,7258655
1674345600000,2023-01-22,BTCUSDT,22783.35,23078.71,22292.37,22707.88,253577.75286,5775552321.544121,6603827
1674259200000,2023-01-21,BTCUSDT,22666.0,23371.8,22422.0,22783.55,346445.48432,7938935168.532013,7796520
1674172800000,2023-01-20,BTCUSDT,21071.59,22755.93,20861.28,22667.21,338079.13659,7256172889.71053,7382435
1674086400000,2023-01-19,BTCUSDT,20677.47,21192.0,20659.19,21071.59,251385.84925,5243024330.011201,5819932
1674000000000,2023-01-18,BTCUSDT,21132.29,21650.0,20407.15,20677.47,350916.01949,7399719195.246726,7617173
1673913600000,2023-01-17,BTCUSDT,21185.65,21647.45,20841.31,21134.81,275407.74409,5840585769.490093,6440138
1673827200000,2023-01-16,BTCUSDT,20872.99,21474.05,20611.48,21185.65,293078.08262,6168654053.042638,6856434
1673740800000,2023-01-15,BTCUSDT,20952.76,21050.74,20551.01,20871.5,178542.22549,3710526606.1389647,5194354
1673654400000,2023-01-14,BTCUSDT,19930.01,21258.0,19888.05,20954.92,393913.74951,8183071567.046188,8659545
1673568000000,2023-01-13,BTCUSDT,18846.62,20000.0,18714.12,19930.01,368615.87823,7061633461.444735,8021774
1673481600000,2023-01-12,BTCUSDT,17943.26,19117.04,17892.05,18846.62,454568.32178,8348431207.846009,8911373
1673395200000,2023-01-11,BTCUSDT,17440.64,18000.0,17315.6,17943.26,262221.60653,4586965947.26355,5627464
1673308800000,2023-01-10,BTCUSDT,17179.04,17499.0,17146.34,17440.66,221382.42581,3829247653.731105,5448751
1673222400000,2023-01-09,BTCUSDT,17127.83,17398.8,17104.66,17178.26,266211.52723,4590284350.546169,6327667
1673136000000,2023-01-08,BTCUSDT,16943.83,17176.99,16911.0,17127.83,135155.89695,2291925699.958545,4036092
1673049600000,2023-01-07,BTCUSDT,16950.31,16981.91,16908.0,16943.57,104526.5688,1770201710.2089734,3227161
1672963200000,2023-01-06,BTCUSDT,16831.85,17041.0,16679.0,16950.65,207401.28415,3490305009.6881223,5388661
1672876800000,2023-01-05,BTCUSDT,16850.36,16879.82,16753.0,16831.85,163473.56641,2751080253.8177333,4842014
1672790400000,2023-01-04,BTCUSDT,16675.65,16991.87,16652.66,16850.36,220362.18862,3709833209.8453646,6310703
1672704000000,2023-01-03,BTCUSDT,16672.78,16778.4,16605.28,16675.18,159541.53733,2662765916.3256683,5097596
1672617600000,2023-01-02,BTCUSDT,16617.17,16799.23,16548.7,16672.87,121888.57191,2034683215.2678783,4036118
1672531200000,2023-01-01,BTCUSDT,16541.77,16628.0,16499.01,16616.75,96925.41374,1604793789.6772125,3218355
1672444800000,2022-12-31,BTCUSDT,16607.48,16644.09,16470.0,16542.4,114490.42864,1897047504.9188974,3344374
1672358400000,2022-12-30,BTCUSDT,16633.47,16677.35,16333.0,16607.48,164916.31174,2726831056.725026,4310415
1672272000000,2022-12-29,BTCUSDT,16547.32,16664.41,16488.91,16633.47,160998.47158,2671665748.0816226,4553877
1672185600000,2022-12-28,BTCUSDT,16706.06,16785.19,16465.33,16547.31,193037.56577,3210894236.8123903,5465468
1672099200000,2022-12-27,BTCUSDT,16919.39,16972.83,16592.37,16706.36,173749.58616,2918379509.5314097,5047628
1672012800000,2022-12-26,BTCUSDT,16832.11,16944.52,16791.0,16919.39,124564.00656,2099037538.631794,3915571
1671926400000,2022-12-25,BTCUSDT,16835.73,16857.96,16721.0,16832.11,125441.07202,2108857873.1916704,3570157
1671840000000,2022-12-24,BTCUSDT,16778.52,16869.99,16776.62,16836.12,100224.29096,1686757294.9926343,3076985
1671753600000,2022-12-23,BTCUSDT,16821.9,16955.14,16731.13,16778.5,161612.00947,2720021933.978926,4561020
1671667200000,2022-12-22,BTCUSDT,16824.68,16868.52,16559.85,16821.43,176044.27235,2949612072.049303,4678640
1671580800000,2022-12-21,BTCUSDT,16896.15,16925.0,16723.0,16824.67,156810.96362,2638528723.736041,4375570
1671494400000,2022-12-20,BTCUSDT,16438.88,17061.27,16397.2,16895.56,248808.92324,4176995653.5457115,5945803
1671408000000,2022-12-19,BTCUSDT,16739.0,16815.99,16256.3,16438.88,179094.28305,2981094033.0138125,4681887
1671321600000,2022-12-18,BTCUSDT,16777.54,16863.26,16663.07,16738.21,112619.31646,1884666030.0992382,3369193
1671235200000,2022-12-17,BTCUSDT,16631.5,16796.82,16579.85,16776.52,144825.66684,2417851422.2131248,3905843
1671148800000,2022-12-16,BTCUSDT,17356.96,17531.73,16527.32,16632.12,253379.04116,4308933187.65654,5703001
1671062400000,2022-12-15,BTCUSDT,17804.01,17854.82,17275.51,17356.34,223701.96882,3923378677.833748,4789226
1670976000000,2022-12-14,BTCUSDT,17775.82,18387.95,17660.94,17803.15,266681.22209,4779915721.484458,5743730
1670889600000,2022-12-13,BTCUSDT,17208.93,18000.0,17080.14,17774.7,284462.9139,4983896040.378995,6242080
1670803200000,2022-12-12,BTCUSDT,17085.05,17241.89,16871.85,17209.83,226227.49694,3844787581.481925,4463916
1670716800000,2022-12-11,BTCUSDT,17127.49,17270.99,17071.0,17085.05,155286.47871,2663686104.0825615,3260722
1670630400000,2022-12-10,BTCUSDT,17128.56,17227.72,17092.0,17127.49,140573.97937,2411933258.8486,3032257
1670544000000,2022-12-09,BTCUSDT,17224.1,17360.0,17058.21,17128.56,238422.06465,4097973425.6973534,4282003
1670457600000,2022-12-08,BTCUSDT,16836.64,17299.0,16733.49,17224.1,236417.97804,4009427525.030412,4520282
1670371200000,2022-12-07,BTCUSDT,17088.96,17142.21,16678.83,16836.64,220657.41334,3723206794.305466,4284989
1670284800000,2022-12-06,BTCUSDT,16966.35,17107.01,16906.37,17088.96,218730.76883,3717926010.340586,4416864
1670198400000,2022-12-05,BTCUSDT,17106.65,17424.25,16867.0,16966.35,233703.29225,4015334796.603721,5138207
1670112000000,2022-12-04,BTCUSDT,16885.2,17202.84,16878.25,17105.7,178619.13387,3040020095.0511775,3948990
1670025600000,2022-12-03,BTCUSDT,17092.13,17188.98,16858.74,16885.2,154542.57306,2622504252.8664527,3308694
1669939200000,2022-12-02,BTCUSDT,16978.0,17105.73,16787.85,17092.74,202372.2062,3432385161.660257,4305515
1669852800000,2022-12-01,BTCUSDT,17165.53,17324.0,16855.01,16977.37,232818.18218,3972607179.868572,5097720
1669766400000,2022-11-30,BTCUSDT,16442.91,17249.0,16428.3,17163.64,303019.80719,5123595199.505286,6519330
1669680000000,2022-11-29,BTCUSDT,16212.18,16548.71,16100.0,16442.53,248106.25009,4072651066.999406,5206638
1669593600000,2022-11-28,BTCUSDT,16428.77,16487.04,15995.27,16212.91,252695.40367,4096398587.357313,5570407
1669507200000,2022-11-27,BTCUSDT,16457.61,16600.0,16401.0,16428.78,162025.47607,2679048565.5213013,3362221
1669420800000,2022-11-26,BTCUSDT,16521.35,16701.99,16385.0,16458.57,181804.81666,3011990387.647429,3817130
1669334400000,2022-11-25,BTCUSDT,16599.55,16666.0,16342.81,16522.14,182089.49533,3003553172.229472,4396465
1669248000000,2022-11-24,BTCUSDT,16603.11,16812.63,16458.05,16598.95,206565.92346,3431724405.654768,5031851
1669161600000,2022-11-23,BTCUSDT,16227.96,16706.0,16160.2,16603.11,264927.70408,4368042618.500261,6260616
1669075200000,2022-11-22,BTCUSDT,15781.29,16315.0,15616.63,16226.94,239548.06623,3823612603.8030014,6276097
1668988800000,2022-11-21,BTCUSDT,16279.5,16319.0,15476.0,15781.29,324096.997753,5188798317.004153,7440871
1668902400000,2022-11-20,BTCUSDT,16700.68,16753.33,16180.0,16280.23,154842.13478,2561165772.4957075,4557344
1668816000000,2022-11-19,BTCUSDT,16699.43,16822.41,16553.53,16700.68,104963.15558,1747627888.1295476,3142123
1668729600000,2022-11-18,BTCUSDT,16692.56,17011.0,16546.04,16700.45,214224.18184,3588467560.373121,5114799
1668643200000,2022-11-17,BTCUSDT,16661.61,16751.0,16410.74,16692.56,228038.97873,3785204632.0142207,5352083
1668556800000,2022-11-16,BTCUSDT,16900.57,17015.92,16378.61,16662.76,261493.40809,4362538338.565324,6297404
1668470400000,2022-11-15,BTCUSDT,16617.72,17134.69,16527.72,16900.57,282461.84391,4758545355.786832,7200265
1668384000000,2022-11-14,BTCUSDT,16331.78,17190.0,15815.21,16619.46,380210.7775,6273920325.336827,9215128
1668297600000,2022-11-13,BTCUSDT,16813.16,16954.28,16229.0,16329.85,184960.78846,3074280132.053524,5382834
1668211200000,2022-11-12,BTCUSDT,17069.98,17119.1,16631.39,16812.08,167819.96035,2827930561.0063796,5046837
1668124800000,2022-11-11,BTCUSDT,17602.45,17695.0,16361.6,17070.31,393552.86492,6725273822.837806,9900073
1668038400000,2022-11-10,BTCUSDT,15922.68,18199.0,15754.26,17601.15,608448.36432,10323294543.880356,12719887
1667952000000,2022-11-09,BTCUSDT,18545.38,18587.76,15588.0,15922.81,731926.929729,12737719697.394007,13605474
1667865600000,2022-11-08,BTCUSDT,20590.67,20700.88,17166.83,18547.23,760705.362783,14758384309.854223,14530601
1667779200000,2022-11-07,BTCUSDT,20905.58,21069.77,20384.89,20591.13,386977.60337,8035052131.593452,8344242
1667692800000,2022-11-06,BTCUSDT,21299.37,21365.27,20886.13,20905.58,230036.97217,4877535058.4127035,5268210
1667606400000,2022-11-05,BTCUSDT,21148.52,21480.65,21080.65,21299.37,245621.98525,5240395528.908201,5570832
1667520000000,2022-11-04,BTCUSDT,20207.12,21302.05,20180.96,21148.52,453694.39165,9409862204.986904,9249613
1667433600000,2022-11-03,BTCUSDT,20151.84,20393.32,20031.24,20207.82,319185.1544,6461673165.239643,6948227
1667347200000,2022-11-02,BTCUSDT,20482.81,20800.0,20048.04,20151.84,373716.27299,7633404092.430692,7431698
1667260800000,2022-11-01,BTCUSDT,20490.74,20700.0,20330.74,20483.62,279932.43771,5740102554.920829,5971938
1667174400000,2022-10-31,BTCUSDT,20627.48,20845.92,20237.95,20490.74,303567.61628,6226304300.443864,6571526
1667088000000,2022-10-30,BTCUSDT,20809.68,20931.21,20515.0,20627.48,192795.60886,3994389493.325891,4920007
1667001600000,2022-10-29,BTCUSDT,20591.84,21085.0,20554.01,20809.67,254881.77755,5303038321.457483,6255599
1666915200000,2022-10-28,BTCUSDT,20295.11,20750.0,20000.09,20591.84,287039.94569,5849603405.682575,6638096
1666828800000,2022-10-27,BTCUSDT,20771.61,20872.21,20200.0,20295.11,328643.57791,6771209922.011917,7748080
1666742400000,2022-10-26,BTCUSDT,20079.02,21020.0,20050.41,20771.59,380492.69576,7833551674.485678,8512349
1666656000000,2022-10-25,BTCUSDT,19330.6,20415.87,19237.0,20080.07,326370.67061,6454151276.520069,7214687
1666569600000,2022-10-24,BTCUSDT,19570.4,19601.15,19157.0,19329.72,256168.14467,4957159176.816838,5676899
1666483200000,2022-10-23,BTCUSDT,19204.29,19695.0,19070.11,19570.4,167057.20184,3233393909.200977,3939703
1666396800000,2022-10-22,BTCUSDT,19164.37,19257.0,19112.72,19204.35,110403.90837,2117395641.1269212,2887106
1666310400000,2022-10-21,BTCUSDT,19041.92,19250.0,18650.0,19164.37,269310.75769,5126619487.86902,5679281
1666224000000,2022-10-20,BTCUSDT,19123.35,19347.82,18900.0,19041.92,223530.13068,4276025723.994783,5391090
1666137600000,2022-10-19,BTCUSDT,19327.44,19360.16,19065.97,19123.97,186137.29538,3575041318.4497843,4545820
1666051200000,2022-10-18,BTCUSDT,19548.48,19706.66,19091.0,19327.44,260313.07848,5065944973.464348,5588482
1665964800000,2022-10-17,BTCUSDT,19262.98,19676.96,19152.03,19549.86,222813.87634,4331666395.604673,5162979
1665878400000,2022-10-16,BTCUSDT,19068.4,19425.84,19063.74,19262.98,131894.61885,2531545363.3077006,3438605
1665792000000,2022-10-15,BTCUSDT,19176.93,19227.68,18975.18,19069.39,113847.64232,2178316065.622199,3052219
1665705600000,2022-10-14,BTCUSDT,19375.58,19951.87,19070.37,19176.93,351634.32601,6877621835.225796,6688310
1665619200000,2022-10-13,BTCUSDT,19155.1,19513.79,18190.0,19375.13,399756.68337,7554309475.307986,7470896
1665532800000,2022-10-12,BTCUSDT,19060.0,19238.31,18965.88,19155.53,213826.26731,4086903621.9265537,4556597
1665446400000,2022-10-11,BTCUSDT,19131.87,19268.09,18860.0,19060.0,243473.84286,4642843395.600282,4792106
1665360000000,2022-10-10,BTCUSDT,19439.96,19525.0,19020.25,19131.87,212509.09849,4101745483.1295238,4432688
1665273600000,2022-10-09,BTCUSDT,19416.52,19558.0,19316.04,19439.02,113900.82681,2215007204.237991,2833704
1665187200000,2022-10-08,BTCUSDT,19530.09,19627.38,19237.14,19417.96,102480.09842,1995917001.7395988,2637385
1665100800000,2022-10-07,BTCUSDT,19960.67,20068.82,19320.0,19530.09,220874.83913,4353681483.987034,4324772
1665014400000,2022-10-06,BTCUSDT,20158.26,20456.6,19853.0,19960.67,320122.1702,6452892402.32427,5085004
1664928000000,2022-10-05,BTCUSDT,20337.82,20365.6,19730.0,20158.26,312239.75224,6275437160.958073,4540004
1664841600000,2022-10-04,BTCUSDT,19629.08,20475.0,19490.6,20337.82,327012.00127,6533428229.851051,4871932
1664755200000,2022-10-03,BTCUSDT,19057.74,19719.1,18959.68,19629.08,293585.75212,5672105805.772144,4471910
1664668800000,2022-10-02,BTCUSDT,19312.24,19395.91,18920.35,19056.8,206812.47032,3970724799.9558167,3320217
1664582400000,2022-10-01,BTCUSDT,19422.61,19484.0,19159.42,19310.95,165625.13959,3200350294.52687,2470590
1664496000000,2022-09-30,BTCUSDT,19590.54,20185.0,19155.36,19422.61,444322.9534,8694127253.576593,6254203
1664409600000,2022-09-29,BTCUSDT,19412.82,19645.52,18843.01,19591.51,406424.93256,7868786414.856212,5631615
1664323200000,2022-09-28,BTCUSDT,19078.1,19790.0,18471.28,19412.82,521385.45547,9964460007.304356,7357437
1664236800000,2022-09-27,BTCUSDT,19226.68,20385.86,18816.32,19079.13,593260.74161,11705770260.67216,8152473
1664150400000,2022-09-26,BTCUSDT,18809.13,19318.96,18680.72,19227.82,439239.21943,8356951609.998723,5837041
1664064000000,2022-09-25,BTCUSDT,18921.99,19180.21,18629.2,18807.38,191191.4492,3625136713.924704,3714450
1663977600000,2022-09-24,BTCUSDT,19288.57,19316.14,18805.34,18920.5,239496.56746,4568927983.6507845,3907636
1663891200000,2022-09-23,BTCUSDT,19401.63,19500.0,18531.42,19289.91,385886.91829,7330336009.190999,5906265
1663804800000,2022-09-22,BTCUSDT,18461.36,19550.17,18356.39,19401.63,379321.72111,7203741481.483637,6251862
1663718400000,2022-09-21,BTCUSDT,18874.31,19956.0,18125.98,18461.36,385034.10021,7338667639.751955,6907777
1663632000000,2022-09-20,BTCUSDT,19537.02,19634.62,18711.87,18875.0,324098.3286,6206043205.412278,5900070
1663545600000,2022-09-19,BTCUSDT,19417.45,19686.2,18232.56,19537.02,380512.40306,7215196795.656052,6820580
1663459200000,2022-09-18,BTCUSDT,20112.61,20117.26,19335.62,19416.18,254217.46904,5033968947.530573,4634096
1663372800000,2022-09-17,BTCUSDT,19803.3,20189.0,19748.08,20113.62,179350.24338,3578667842.6952825,3862666
1663286400000,2022-09-16,BTCUSDT,19701.88,19890.0,19320.01,19803.3,283791.07064,5584012914.113888,5120935
1663200000000,2022-09-15,BTCUSDT,20227.17,20330.24,19497.0,19701.88,333069.76076,6655264974.21376,6690974
1663113600000,2022-09-14,BTCUSDT,20173.62,20541.48,19617.62,20226.71,340826.40151,6886235196.646197,6313052
1663027200000,2022-09-13,BTCUSDT,22395.44,22799.0,19860.0,20173.57,431915.03333,9302239274.39612,8126869
1662940800000,2022-09-12,BTCUSDT,21826.87,22488.0,21538.51,22395.74,395395.61828,8743762682.841719,6979539
1662854400000,2022-09-11,BTCUSDT,21647.21,21860.0,21350.0,21826.87,280702.55149,6064643642.716231,4801844
1662768000000,2022-09-10,BTCUSDT,21361.62,21810.8,21111.13,21648.34,307997.33504,6589753118.84113,5615783
1662681600000,2022-09-09,BTCUSDT,19320.54,21597.22,19291.75,21360.11,428919.74652,8929831332.708796,7777214
1662595200000,2022-09-08,BTCUSDT,19292.85,19458.25,19012.0,19319.77,262813.28273,5057217166.675081,6013826
1662508800000,2022-09-07,BTCUSDT,18790.61,19464.06,18510.77,19292.84,287394.7788,5436827909.201311,5597127
1662422400000,2022-09-06,BTCUSDT,19795.34,20180.0,18649.51,18790.61,356315.05718,6976809188.41019,7124384
1662336000000,2022-09-05,BTCUSDT,20000.3,20057.27,19633.83,19796.84,222543.01057,4404971191.907026,4657233
1662249600000,2022-09-04,BTCUSDT,19832.45,20029.23,19583.1,20000.3,145588.77893,2883227667.1961927,3838915
1662163200000,2022-09-03,BTCUSDT,19950.98,20055.93,19652.72,19831.9,146639.03204,2908816275.010286,3739909
1662076800000,2022-09-02,BTCUSDT,20132.64,20441.26,19755.29,19951.86,245986.6033,4946889819.514836,5740705
1661990400000,2022-09-01,BTCUSDT,20048.44,20208.37,19565.66,20131.46,245289.97263,4893158531.781241,5937975
1661904000000,2022-08-31,BTCUSDT,19813.03,20490.0,19797.94,20050.02,276946.60765,5595829094.391042,6389133
1661817600000,2022-08-30,BTCUSDT,20287.2,20576.25,19540.0,19811.66,256634.35529,5157974826.609323,6593178
1661731200000,2022-08-29,BTCUSDT,19555.61,20433.62,19550.79,20285.73,210509.49545,4211334408.9865932,5840323
1661644800000,2022-08-28,BTCUSDT,20037.6,20171.18,19520.0,19555.61,139307.95976,2781133881.0518456,4678693
1661558400000,2022-08-27,BTCUSDT,20239.14,20402.93,19800.0,20037.6,162582.46032,3269764074.3564396,5263328
1661472000000,2022-08-26,BTCUSDT,21559.04,21886.77,20107.9,20241.05,273811.61955,5785149465.09769,7587244
1661385600000,2022-08-25,BTCUSDT,21368.05,21819.88,21310.15,21559.04,169915.78301,3672148286.6013737,5618785
1661299200000,2022-08-24,BTCUSDT,21529.11,21900.0,21145.0,21368.08,174383.22046,3744196823.5648546,5561412
1661212800000,2022-08-23,BTCUSDT,21400.75,21684.87,20890.14,21529.12,200967.77164,4299812533.944709,6333442
1661126400000,2022-08-22,BTCUSDT,21516.7,21548.71,20890.18,21399.83,222222.04526,4721412016.903412,6443370
1661040000000,2022-08-21,BTCUSDT,21140.07,21800.0,21069.11,21515.61,159200.6841,3405034922.807078,5034461
1660953600000,2022-08-20,BTCUSDT,20834.39,21382.85,20761.9,21140.07,183041.68363,3871242921.2246795,5723362
1660867200000,2022-08-19,BTCUSDT,23191.45,23208.67,20783.57,20834.39,283995.87747,6181759252.730265,8860928
1660780800000,2022-08-18,BTCUSDT,23342.66,23600.0,23111.04,23191.2,144185.97011,3375338942.2617884,6029662
1660694400000,2022-08-17,BTCUSDT,23856.15,24446.71,23180.4,23342.66,210668.68766,4993659434.236888,6901586
1660608000000,2022-08-16,BTCUSDT,24093.04,24247.49,23671.22,23854.74,179324.94821,4294907691.650949,5978567
1660521600000,2022-08-15,BTCUSDT,24305.25,25211.32,23773.22,24094.82,242539.54758,5894066098.523285,7488466
1660435200000,2022-08-14,BTCUSDT,24443.06,25047.56,24144.0,24305.24,151206.14473,3708565144.898009,5473905
1660348800000,2022-08-13,BTCUSDT,24401.7,24888.0,24291.22,24441.38,152852.25435,3751417148.2521076,5617859
1660262400000,2022-08-12,BTCUSDT,23933.09,24456.5,23583.0,24403.68,174207.5704,4175834601.8605466,6134163
1660176000000,2022-08-11,BTCUSDT,23954.05,24918.54,23852.13,23934.39,249759.79557,6097813762.895935,8269994
1660089600000,2022-08-10,BTCUSDT,23151.32,24226.0,22664.69,23954.05,208916.54953,4918825599.489632,6818207
1660003200000,2022-08-09,BTCUSDT,23810.98,23933.25,22865.0,23149.95,143182.50858,3347110918.907211,5105613
1659916800000,2022-08-08,BTCUSDT,23174.39,24245.0,23154.25,23810.0,170958.44152,4078052110.5431285,5892045
1659830400000,2022-08-07,BTCUSDT,22954.21,23402.0,22844.62,23174.39,88890.00877,2051763044.5523686,3646643
1659744000000,2022-08-06,BTCUSDT,23313.56,23354.36,22909.52,22954.21,83911.80307,1944693656.706568,3360228
1659657600000,2022-08-05,BTCUSDT,22622.41,23472.86,22586.95,23312.42,175251.69749,4046435951.354509,5340569
1659571200000,2022-08-04,BTCUSDT,22816.91,23223.32,22400.0,22622.98,154854.67016,3537434334.434649,4966138
1659484800000,2022-08-03,BTCUSDT,22985.93,23647.68,22681.22,22818.37,145948.80995,3385430753.8050184,4887642
1659398400000,2022-08-02,BTCUSDT,23266.9,23459.89,22654.37,22987.79,158073.28225,3631020649.2263803,5066511
1659312000000,2022-08-01,BTCUSDT,23296.36,23509.68,22850.0,23268.01,144210.16219,3346371889.6521215,4775213
1659225600000,2022-07-31,BTCUSDT,23644.64,24194.82,23227.31,23293.32,127743.32483,3028386330.644831,4463721
1659139200000,2022-07-30,BTCUSDT,23777.28,24668.0,23502.25,23643.51,151060.13211,3634601094.9654202,4801528
1659052800000,2022-07-29,BTCUSDT,23845.25,24442.66,23414.03,23773.75,198298.50623,4733780641.305037,6221401
1658966400000,2022-07-28,BTCUSDT,22954.31,24199.72,22582.13,23842.93,236029.0741,5511388547.615389,6500034
1658880000000,2022-07-27,BTCUSDT,21254.67,23112.63,21042.53,22952.45,210971.19796,4614909656.6957855,5475738
1658793600000,2022-07-26,BTCUSDT,21310.9,21347.82,20706.5,21254.67,177817.24326,3738774849.3577113,4545385
1658707200000,2022-07-25,BTCUSDT,22577.13,22666.0,21250.0,21310.9,180344.76643,3954002948.5472584,4807238
1658620800000,2022-07-24,BTCUSDT,22448.58,23014.64,22257.15,22579.68,115189.67277,2610817967.163939,3671238
1658534400000,2022-07-23,BTCUSDT,22684.83,23000.77,21934.57,22451.07,122137.77375,2745262660.6777816,3762227
1658448000000,2022-07-22,BTCUSDT,23152.19,23756.49,22500.0,22684.83,171598.43966,3981394766.2280574,4745582
1658361600000,2022-07-21,BTCUSDT,23223.3,23442.77,22341.46,23152.19,184817.68191,4232411759.395025,4808194
1658275200000,2022-07-20,BTCUSDT,23398.48,24276.74,22906.19,23223.3,238762.17094,5631801151.220376,6364038
1658188800000,2022-07-19,BTCUSDT,22432.58,23800.0,21579.54,23396.62,263770.76574,5954419902.221928,6488375
1658102400000,2022-07-18,BTCUSDT,20799.58,22777.63,20762.45,22432.58,239942.73132,5263396811.539256,6564387
1658016000000,2022-07-17,BTCUSDT,21195.6,21684.54,20750.01,20798.16,118229.4525,2511251392.576525,4261057
1657929600000,2022-07-16,BTCUSDT,20830.04,21588.94,20478.61,21195.6,121011.67393,2539616922.7986083,3723401
1657843200000,2022-07-15,BTCUSDT,20588.84,21200.0,20382.29,20830.04,143343.3049,2984339734.3532705,4411375
1657756800000,2022-07-14,BTCUSDT,20234.87,20900.0,19616.07,20588.84,174809.21696,3526210098.2850437,4576355
1657670400000,2022-07-13,BTCUSDT,19331.28,20366.61,18910.94,20234.87,209250.24888,4096306063.801935,4789109
1657584000000,2022-07-12,BTCUSDT,19963.61,20059.42,19240.0,19328.75,139506.45862,2754215439.3324776,3626399
1657497600000,2022-07-11,BTCUSDT,20861.11,20868.48,19875.23,19963.61,137535.40724,2813718031.1093426,3232941
1657411200000,2022-07-10,BTCUSDT,21592.15,21607.65,20655.0,20862.47,192188.21556,4062794310.272033,3434401
1657324800000,2022-07-09,BTCUSDT,21594.75,21980.0,21322.12,21591.83,178417.84468,3857190523.494272,3524386
1657238400000,2022-07-08,BTCUSDT,21624.99,22527.37,21189.26,21594.75,403081.57349,8781330156.61243,4358216
1657152000000,2022-07-07,BTCUSDT,20564.51,21838.1,20251.68,21624.98,85014.58261,1783224085.72368,1653722
1657065600000,2022-07-06,BTCUSDT,20175.84,20675.22,19761.25,20564.51,82439.5808,1665481948.0096316,1472221
1656979200000,2022-07-05,BTCUSDT,20236.71,20750.0,19304.4,20175.83,96041.13756,1919950110.1674304,1612273
1656892800000,2022-07-04,BTCUSDT,19315.83,20354.01,19055.31,20236.71,74814.04601,1470987695.5215821,1282843
1656806400000,2022-07-03,BTCUSDT,19252.82,19647.63,18781.0,19315.83,51087.46631,980255891.3952552,880786
1656720000000,2022-07-02,BTCUSDT,19279.8,19467.39,18977.01,19252.81,46180.3021,888415536.8730664,833508
1656633600000,2022-07-01,BTCUSDT,19942.21,20918.35,18975.0,19279.8,111844.59494,2197016369.969529,1668363
1656547200000,2022-06-30,BTCUSDT,20123.0,20179.08,18626.0,19942.21,93846.64806,1808994369.0314438,1438163
1656460800000,2022-06-29,BTCUSDT,20281.28,20432.31,19854.92,20123.01,77309.04379,1556549790.0089242,1210636
1656374400000,2022-06-28,BTCUSDT,20742.57,21212.1,20202.01,20281.29,63801.0832,1321862977.9315486,1064497
1656288000000,2022-06-27,BTCUSDT,21038.08,21539.85,20510.0,20742.56,64475.0013,1354369225.8404648,1002214
1656201600000,2022-06-26,BTCUSDT,21491.18,21888.0,20964.73,21038.07,53278.10464,1139258367.162915,885306
1656115200000,2022-06-25,BTCUSDT,21237.68,21614.5,20906.62,21491.19,51431.67794,1093873137.974752,874540
1656028800000,2022-06-24,BTCUSDT,21110.12,21558.41,20736.72,21237.69,77430.36622,1635129191.170251,1309709
1655942400000,2022-06-23,BTCUSDT,19988.0,21233.0,19890.07,21110.13,83127.08716,1710694866.4572449,1207858
1655856000000,2022-06-22,BTCUSDT,20723.51,20900.0,19770.51,19987.99,92133.97938,1872204589.2375815,1394981
1655769600000,2022-06-21,BTCUSDT,20573.9,21723.0,20348.4,20723.52,104371.0749,2198596137.3432837,1515321
1655683200000,2022-06-20,BTCUSDT,20574.0,21090.0,19637.03,20573.89,109028.94154,2220396381.7426524,1639448
1655596800000,2022-06-19,BTCUSDT,18970.79,20815.95,17960.41,20574.0,128320.87595,2487561781.535987,1950660
1655510400000,2022-06-18,BTCUSDT,20468.81,20792.06,17622.0,18970.79,196441.655524,3726639821.6961513,2467372
1655424000000,2022-06-17,BTCUSDT,20400.6,21365.43,20246.66,20468.81,86694.33663,1796575392.5507207,1352992
1655337600000,2022-06-16,BTCUSDT,22583.72,22995.73,20232.0,20401.31,99673.59429,2130037160.0626109,1690477
1655251200000,2022-06-15,BTCUSDT,22136.42,22800.0,20111.62,22583.72,200774.493467,4249276481.256697,2847831
1655164800000,2022-06-14,BTCUSDT,22485.27,23362.88,20846.0,22136.41,187201.64671,4136108699.025428,2583151
1655078400000,2022-06-13,BTCUSDT,26574.53,26895.84,21925.77,22487.41,254611.034966,6192246037.404873,3261484
1654992000000,2022-06-12,BTCUSDT,28424.71,28544.96,26560.0,26574.53,92474.598809,2551767136.3295846,1451271
1654905600000,2022-06-11,BTCUSDT,29091.87,29440.41,28099.99,28424.7,65901.39895,1892007188.0756,1084163
1654819200000,2022-06-10,BTCUSDT,30109.93,30382.8,28850.0,29091.88,76204.2498,2255866294.494887,1258608
1654732800000,2022-06-09,BTCUSDT,30204.77,30700.0,29944.1,30109.93,46291.1865,1399839073.774508,841562
1654646400000,2022-06-08,BTCUSDT,31125.32,31327.22,29843.88,30204.77,68542.61276,2087270428.3470395,1236327
1654560000000,2022-06-07,BTCUSDT,31373.1,31589.6,29218.96,31125.33,110674.51658,3347397952.730591,1743957
1654473600000,2022-06-06,BTCUSDT,29919.2,31765.64,29890.23,31373.1,68836.92456,2149499896.9349375,1124745
1654387200000,2022-06-05,BTCUSDT,29864.03,30189.0,29531.42,29919.21,23139.9281,691201528.1600257,604680
1654300800000,2022-06-04,BTCUSDT,29700.21,29988.88,29485.0,29864.04,25617.90113,760874329.4663155,618037
1654214400000,2022-06-03,BTCUSDT,30452.63,30699.0,29282.36,29700.21,54067.44727,1615616950.7143807,993769
1654128000000,2022-06-02,BTCUSDT,29805.84,30689.0,29594.55,30452.62,56961.42928,1711652906.191896,1086183
1654041600000,2022-06-01,BTCUSDT,31801.05,31982.97,29301.0,29805.83,103395.63382,3171191028.249736,1404611
1653955200000,2022-05-31,BTCUSDT,31734.23,32399.0,31200.01,31801.04,62433.11632,1981259117.0115461,1161340
1653868800000,2022-05-30,BTCUSDT,29468.1,32222.0,29299.62,31734.22,96785.9476,2980527582.467496,1380410
1653782400000,2022-05-29,BTCUSDT,29031.33,29587.78,28839.21,29468.1,27567.34764,804777532.6497605,635311
1653696000000,2022-05-28,BTCUSDT,28629.81,29266.0,28450.0,29031.33,34479.35127,994674257.5679232,684423
1653609600000,2022-05-27,BTCUSDT,29201.35,29397.66,28282.9,28629.8,90998.5201,2626515958.5034895,1321406
1653523200000,2022-05-26,BTCUSDT,29542.14,29886.64,28019.56,29201.35,94581.65463,2759055410.397752,1431112
1653436800000,2022-05-25,BTCUSDT,29654.58,30223.74,29294.21,29542.15,59537.38659,1771708175.0718915,985440
1653350400000,2022-05-24,BTCUSDT,29109.14,29845.86,28669.0,29654.58,59442.96036,1740257602.3067698,946421
1653264000000,2022-05-23,BTCUSDT,30293.93,30670.51,28866.35,29109.15,63901.49932,1914305818.0745187,1328317
1653177600000,2022-05-22,BTCUSDT,29445.07,30487.99,29255.11,30293.94,36158.98748,1082530816.0162497,862880
1653091200000,2022-05-21,BTCUSDT,29201.01,29656.18,28947.28,29445.06,20987.13124,616194663.9792111,643486
1653004800000,2022-05-20,BTCUSDT,30319.22,30777.33,28730.0,29201.01,60517.25325,1800589029.270878,1694004
1652918400000,2022-05-19,BTCUSDT,28715.33,30545.18,28691.38,30319.23,67877.36415,2014360135.785272,1860780
1652832000000,2022-05-18,BTCUSDT,30444.93,30709.99,28654.47,28715.32,59749.15799,1762843836.1269379,1379212
1652745600000,2022-05-17,BTCUSDT,29874.01,30788.37,29450.38,30444.93,56724.13307,1715109131.0802064,1175382
1652659200000,2022-05-16,BTCUSDT,31328.89,31328.9,29087.04,29874.01,73082.19658,2185567735.6820626,1561954
1652572800000,2022-05-15,BTCUSDT,30086.74,31460.0,29480.0,31328.89,46275.66912,1401499926.2304175,1016769
1652486400000,2022-05-14,BTCUSDT,29287.05,30343.27,28630.0,30086.74,51095.87863,1501483453.5008903,1204626
1652400000000,2022-05-13,BTCUSDT,29029.74,31083.37,28751.67,29287.05,97872.36957,2956855804.856112,2051900
1652313600000,2022-05-12,BTCUSDT,29103.94,30243.0,26700.0,29029.75,204507.263138,5795451310.945577,3951233
1652227200000,2022-05-11,BTCUSDT,31017.11,32162.59,27785.0,29103.94,207063.739278,6300295994.553138,3559270
1652140800000,2022-05-10,BTCUSDT,30074.23,32658.99,29730.4,31017.1,165532.00311,5179856929.47993,2470325
1652054400000,2022-05-09,BTCUSDT,34038.39,34243.15,30033.33,30076.31,191876.926428,6166367111.275724,2564538
1651968000000,2022-05-08,BTCUSDT,35472.4,35514.22,33713.95,34038.4,72445.64344,2498365159.9945807,1301451
1651881600000,2022-05-07,BTCUSDT,36013.77,36146.3,34785.0,35472.39,34281.70682,1222539413.6400983,746488
1651795200000,2022-05-06,BTCUSDT,36552.97,36675.63,35258.0,36013.77,68437.80187,2466507512.182029,1214518
1651708800000,2022-05-05,BTCUSDT,39690.0,39845.51,35571.9,36552.97,88722.43355,3329684235.963952,1979692
1651622400000,2022-05-04,BTCUSDT,37728.95,40023.77,37670.0,39690.0,62574.61736,2438553987.4535437,1238847
1651536000000,2022-05-03,BTCUSDT,38525.16,38651.51,37517.8,37728.95,40316.45358,1539320434.2647235,1005131
1651449600000,2022-05-02,BTCUSDT,38468.35,39167.34,38052.0,38525.16,53200.92628,2058450718.2963235,1053893
1651363200000,2022-05-01,BTCUSDT,37630.8,38675.0,37386.38,38468.35,38812.24104,1478259271.913873,1021157
1651276800000,2022-04-30,BTCUSDT,38596.11,38795.38,37578.2,37630.8,35321.18989,1354900532.1335113,1017369
1651190400000,2022-04-29,BTCUSDT,39742.06,39925.25,38175.0,38596.11,51453.65715,2006135662.8559995,1101140
1651104000000,2022-04-28,BTCUSDT,39235.72,40372.63,38881.43,39742.07,56086.6715,2223808385.806376,1135242
1651017600000,2022-04-27,BTCUSDT,38112.64,39474.72,37881.31,39235.72,57083.12272,2218523642.4263873,1232083
1650931200000,2022-04-26,BTCUSDT,40426.08,40797.31,37702.26,38112.65,66650.258,2615206861.8349133,1381618
1650844800000,2022-04-25,BTCUSDT,39450.12,40616.0,38200.0,40426.08,63037.12784,2470071005.2401423,1280351
1650758400000,2022-04-24,BTCUSDT,39441.61,39940.0,38929.62,39450.13,26703.61186,1056336243.0198607,868183
1650672000000,2022-04-23,BTCUSDT,39709.19,39980.0,39285.0,39441.6,20291.42375,804677022.9078971,724132
1650585600000,2022-04-22,BTCUSDT,40480.01,40795.06,39177.0,39709.18,46664.0196,1870172362.4022498,1043471
1650499200000,2022-04-21,BTCUSDT,41358.19,42976.0,39751.0,40480.01,59316.27657,2476061417.8872576,1515456
1650412800000,2022-04-20,BTCUSDT,41493.19,42199.0,40820.0,41358.19,40877.35041,1697039284.0853004,1063843
1650326400000,2022-04-19,BTCUSDT,40801.13,41760.0,40571.0,41493.18,35788.85843,1472363265.3621879,934526
1650240000000,2022-04-18,BTCUSDT,39678.11,41116.73,38536.51,40801.13,54243.49575,2153574975.9131336,1157741
1650153600000,2022-04-17,BTCUSDT,40378.7,40595.67,39546.17,39678.12,19988.49259,803414248.9836986,590241
1650067200000,2022-04-16,BTCUSDT,40551.9,40709.35,39991.55,40378.71,15805.44718,638275503.9141085,423446
1649980800000,2022-04-15,BTCUSDT,39942.37,40870.36,39766.4,40551.9,24026.35739,966888436.8162509,616536
1649894400000,2022-04-14,BTCUSDT,41147.78,41500.0,39551.94,39942.38,36807.01401,1494726286.0180101,803756
1649808000000,2022-04-13,BTCUSDT,40074.95,41561.31,39588.54,41147.79,41342.27254,1677171454.091079,948061
1649721600000,2022-04-12,BTCUSDT,39530.45,40699.0,39254.63,40074.94,57751.01778,2309514071.5938725,1153667
1649635200000,2022-04-11,BTCUSDT,42158.85,42414.71,39200.0,39530.45,63560.44721,2602039073.0150447,1385924
1649548800000,2022-04-10,BTCUSDT,42753.96,43410.3,41868.0,42158.85,22771.09403,971459737.5009404,678983
1649462400000,2022-04-09,BTCUSDT,42252.02,42800.0,42125.48,42753.97,17891.66047,759274586.6137776,640230
1649376000000,2022-04-08,BTCUSDT,43444.2,43970.62,42107.14,42252.01,42375.04203,1830699971.611312,1108136
1649289600000,2022-04-07,BTCUSDT,43170.47,43900.99,42727.35,43444.19,37396.54156,1623879486.6600313,999816
1649203200000,2022-04-06,BTCUSDT,45497.54,45507.14,43121.0,43170.47,60849.32936,2700644700.890392,1471912
1649116800000,2022-04-05,BTCUSDT,46580.5,47200.0,45353.81,45497.55,42192.74852,1951668192.9295099,1046080
1649030400000,2022-04-04,BTCUSDT,46407.36,46890.71,45118.0,46580.51,44641.87514,2053434523.8685389,1171998
1648944000000,2022-04-03,BTCUSDT,45810.99,47444.11,45530.92,46407.35,33394.67794,1550999693.0508049,966563
1648857600000,2022-04-02,BTCUSDT,46283.49,47213.0,45620.0,45811.0,37073.53582,1721690754.4393935,1056716
1648771200000,2022-04-01,BTCUSDT,45510.35,46720.09,44200.0,46283.49,56271.06474,2556532890.870311,1372216
1648684800000,2022-03-31,BTCUSDT,47067.99,47600.0,45200.0,45510.34,48645.12667,2262485160.568584,1290541
1648598400000,2022-03-30,BTCUSDT,47434.79,47700.22,46445.42,47067.99,40947.2085,1932152559.8831124,1081607
1648512000000,2022-03-29,BTCUSDT,47122.21,48096.47,46950.85,47434.8,36772.28457,1748600385.4502351,1095678
1648425600000,2022-03-28,BTCUSDT,46827.76,48189.84,46663.56,47122.21,58949.2614,2789898402.616576,1498975
1648339200000,2022-03-27,BTCUSDT,44511.27,46999.0,44421.46,46827.76,41874.91071,1907019662.3441498,1135096
1648252800000,2022-03-26,BTCUSDT,44313.16,44792.99,44071.97,44511.27,23041.61741,1022802857.6094099,693647
1648166400000,2022-03-25,BTCUSDT,43991.46,45094.14,43579.0,44313.16,54614.43648,2421153187.6604123,1141588
1648080000000,2022-03-24,BTCUSDT,42882.76,44220.89,42560.46,43991.46,56195.12374,2436258223.622338,1202541
1647993600000,2022-03-23,BTCUSDT,42364.13,43025.96,41751.47,42882.76,40828.87039,1725787170.5823965,916671
1647907200000,2022-03-22,BTCUSDT,41002.26,43361.0,40875.51,42364.13,59454.94294,2525975507.8012,1367343
1647820800000,2022-03-21,BTCUSDT,41262.11,41544.22,40467.94,41002.25,39426.24877,1618789548.0684211,947206
1647734400000,2022-03-20,BTCUSDT,42201.13,42296.26,40911.0,41262.11,30653.33468,1273880705.2502496,799695
1647648000000,2022-03-19,BTCUSDT,41757.51,42400.0,41499.29,42201.13,29067.18108,1216709156.4428055,801197
1647561600000,2022-03-18,BTCUSDT,40917.89,42325.02,40135.04,41757.51,45408.00969,1862337033.4847207,1065054
1647475200000,2022-03-17,BTCUSDT,41114.01,41478.82,40500.0,40917.9,37189.38087,1521083189.7108624,935784
1647388800000,2022-03-16,BTCUSDT,39280.33,41718.0,38828.48,41114.0,88120.76167,3552563766.3655386,2051837
1647302400000,2022-03-15,BTCUSDT,39671.37,39887.61,38098.33,39280.33,46015.54926,1796571984.458497,1060517
1647216000000,2022-03-14,BTCUSDT,37777.35,39947.12,37555.0,39671.37,46945.45375,1821922588.4472065,1114899
1647129600000,2022-03-13,BTCUSDT,38807.35,39310.0,37578.51,37777.34,32791.82359,1268441605.1866877,841844
1647043200000,2022-03-12,BTCUSDT,38729.57,39486.71,38660.52,38807.36,24034.36432,939663387.3149891,671733
1646956800000,2022-03-11,BTCUSDT,39422.01,40236.26,38223.6,38729.57,59018.7642,2305825015.6010857,1252571
1646870400000,2022-03-10,BTCUSDT,41941.7,42039.63,38539.73,39422.0,71962.93154,2854310740.8076735,1512655
1646784000000,2022-03-09,BTCUSDT,38730.63,42594.06,38656.45,41941.71,67392.58799,2797240840.960747,1570230
1646697600000,2022-03-08,BTCUSDT,37988.01,39362.08,37867.65,38730.63,55583.06638,2149652714.804345,1271128
1646611200000,2022-03-07,BTCUSDT,38420.8,39547.57,37155.0,37988.0,63994.11559,2449362161.7015386,1456041
1646524800000,2022-03-06,BTCUSDT,39397.97,39693.87,38088.57,38420.81,39677.26158,1542258009.6292188,986352
1646438400000,2022-03-05,BTCUSDT,39148.65,39613.24,38407.59,39397.96,30363.13341,1187689935.0879936,879727
1646352000000,2022-03-04,BTCUSDT,42454.0,42527.3,38550.0,39148.66,61964.68498,2527001270.7194686,1465066
1646265600000,2022-03-03,BTCUSDT,43892.99,44101.12,41832.28,42454.0,50940.61021,2192152097.925188,1289320
1646179200000,2022-03-02,BTCUSDT,44421.2,45400.0,43334.09,43892.98,57782.65081,2550792948.288624,1653131
1646092800000,2022-03-01,BTCUSDT,43160.0,44949.0,42809.98,44421.2,61743.09873,2701611023.69432,1866871
1646006400000,2022-02-28,BTCUSDT,37699.08,44225.84,37450.17,43160.0,73945.63858,2975160226.168985,1931087
1645920000000,2022-02-27,BTCUSDT,39116.73,39855.7,37000.0,37699.07,46229.44719,1780512702.886402,1265753
1645833600000,2022-02-26,BTCUSDT,39219.16,40348.45,38573.18,39116.72,29361.2568,1152621719.69438,924257
1645747200000,2022-02-25,BTCUSDT,38328.68,39683.53,38014.37,39219.17,56574.57125,2197889580.2826686,1408558
1645660800000,2022-02-24,BTCUSDT,37250.02,39843.0,34322.28,38327.21,120476.29458,4335107392.009488,2622780
1645574400000,2022-02-23,BTCUSDT,38230.33,39249.93,37036.79,37250.01,43560.732,1665486687.2399373,1030872
1645488000000,2022-02-22,BTCUSDT,37008.16,38429.0,36350.0,38230.33,53785.94589,2010628230.7549179,1212527
1645401600000,2022-02-21,BTCUSDT,38386.89,39494.35,36800.0,37008.16,62347.68496,2382027320.8617606,1352290
1645315200000,2022-02-20,BTCUSDT,40079.17,40125.44,38000.0,38386.89,33439.29011,1293216601.4518797,811235
1645228800000,2022-02-19,BTCUSDT,39974.45,40444.32,39639.03,40079.17,18042.0551,721960636.0646691,586653
1645142400000,2022-02-18,BTCUSDT,40515.71,40959.88,39450.0,39974.44,43845.92241,1765622365.952756,1025882
1645056000000,2022-02-17,BTCUSDT,43873.56,44164.71,40073.21,40515.7,47245.99494,1993400162.948067,1067658
1644969600000,2022-02-16,BTCUSDT,44544.85,44549.97,43307.0,43873.56,28471.8727,1250973502.301845,823745
1644883200000,2022-02-15,BTCUSDT,42535.94,44751.4,42427.03,44544.86,38095.19576,1672855933.625659,990694
1644796800000,2022-02-14,BTCUSDT,42053.65,42842.4,41550.56,42535.94,34010.1306,1436927831.4445863,867622
1644710400000,2022-02-13,BTCUSDT,42217.87,42760.0,41870.0,42053.66,17732.08113,750533311.6529565,624898
1644624000000,2022-02-12,BTCUSDT,42373.73,43079.49,41688.88,42217.87,26556.85681,1123136004.7237244,830322
1644537600000,2022-02-11,BTCUSDT,43495.44,43920.0,41938.51,42373.73,44975.1687,1937866768.5059533,1169354
1644451200000,2022-02-10,BTCUSDT,44372.71,45821.0,43174.01,43495.44,62357.29091,2772188373.2227836,1541483
1644364800000,2022-02-09,BTCUSDT,44043.0,44799.0,43117.92,44372.72,34428.16729,1512500139.1430995,1066395
1644278400000,2022-02-08,BTCUSDT,43839.99,45492.0,42666.0,44042.99,64880.29387,2847485971.4977336,1653350
1644192000000,2022-02-07,BTCUSDT,42380.87,44500.5,41645.85,43839.99,51060.62006,2204523609.9033957,1473274
1644105600000,2022-02-06,BTCUSDT,41382.6,42656.0,41116.56,42380.87,22405.16704,934168802.8801152,788291
1644019200000,2022-02-05,BTCUSDT,41571.7,41913.69,40843.01,41382.59,32532.34372,1349805515.9300365,1006352
1643932800000,2022-02-04,BTCUSDT,37311.98,41772.33,37026.73,41574.25,64703.95874,2526572562.0582848,1380724
1643846400000,2022-02-03,BTCUSDT,36896.37,37387.0,36250.0,37311.61,32081.10999,1179502838.6566265,848961
1643760000000,2022-02-02,BTCUSDT,38694.59,38855.92,36586.95,36896.36,35794.6813,1353093948.9776013,907905
1643673600000,2022-02-01,BTCUSDT,38466.9,39265.2,38000.0,38694.59,34574.44663,1334266166.7099986,917617
1643587200000,2022-01-31,BTCUSDT,37881.75,38744.0,36632.61,38466.9,36855.2458,1386754529.0295446,936014
1643500800000,2022-01-30,BTCUSDT,38166.83,38359.26,37351.63,37881.76,21430.66527,812750216.6010319,698593
1643414400000,2022-01-29,BTCUSDT,37716.57,38720.74,37268.44,38166.84,26129.49682,989652386.9966494,816601
1643328000000,2022-01-28,BTCUSDT,37160.11,38000.0,36155.01,37716.56,42154.26956,1560203931.220128,1061101
1643241600000,2022-01-27,BTCUSDT,36807.24,37234.47,35507.01,37160.1,53020.87934,1925920128.3436606,1308408
1643155200000,2022-01-26,BTCUSDT,36958.32,38919.98,36234.63,36809.34,69830.16036,2627491976.6908574,1584468
1643068800000,2022-01-25,BTCUSDT,36660.35,37545.14,35701.0,36958.32,49232.40183,1799224214.4997392,1248246
1642982400000,2022-01-24,BTCUSDT,36244.55,37550.0,32917.17,36660.35,91904.753211,3192041586.10319,1999352
1642896000000,2022-01-23,BTCUSDT,35071.42,36499.0,34601.01,36244.55,44279.52354,1572414639.0428774,1142407
1642809600000,2022-01-22,BTCUSDT,36445.31,36835.22,34008.0,35071.42,90471.338961,3207531048.0306516,2099978
1642723200000,2022-01-21,BTCUSDT,40680.92,41100.0,35440.45,36445.31,88860.891999,3405501703.2219367,2092561
1642636800000,2022-01-20,BTCUSDT,41660.0,43505.0,40553.31,40680.91,42330.33953,1784801200.4044871,1098761
1642550400000,2022-01-19,BTCUSDT,42352.12,42559.13,41138.56,41660.01,31685.72159,1327478459.1602297,924528
1642464000000,2022-01-18,BTCUSDT,42201.63,42691.0,41250.0,42352.12,29324.08257,1228459687.3994458,905061
1642377600000,2022-01-17,BTCUSDT,43071.66,43176.18,41540.42,42201.62,27562.08613,1169381684.4668436,918029
1642291200000,2022-01-16,BTCUSDT,43084.29,43475.0,42581.79,43071.66,20602.35271,887203134.0531468,732171
1642204800000,2022-01-15,BTCUSDT,43059.96,43800.0,42555.0,43084.29,21936.05616,946488263.548448,752688
1642118400000,2022-01-14,BTCUSDT,42558.35,43448.78,41725.95,43059.96,32640.88292,1392000443.3501673,946938
1642032000000,2022-01-13,BTCUSDT,43902.65,44500.0,42311.22,42560.11,34910.87762,1515944525.4954946,1036234
1641945600000,2022-01-12,BTCUSDT,42729.29,44322.0,42450.0,43902.66,33943.2928,1470906437.7120714,1023902
1641859200000,2022-01-11,BTCUSDT,41822.49,43100.0,41268.93,42729.29,37296.43729,1574803608.9600787,1015526
1641772800000,2022-01-10,BTCUSDT,41864.62,42248.5,39650.0,41822.49,50729.17019,2088111339.5055964,1250983
1641686400000,2022-01-09,BTCUSDT,41679.74,42786.7,41200.02,41864.62,22724.39426,952830064.5125848,752733
1641600000000,2022-01-08,BTCUSDT,41566.48,42300.0,40501.0,41679.74,32952.73111,1367233494.8277667,1021908
1641513600000,2022-01-07,BTCUSDT,43082.3,43145.83,40610.0,41566.48,54836.50818,2293851015.4652367,1406635
1641427200000,2022-01-06,BTCUSDT,43451.14,43816.0,42430.58,43082.31,38880.37305,1674466154.4383326,1150707
1641340800000,2022-01-05,BTCUSDT,45832.01,47070.0,42500.0,43451.13,51784.11857,2334288544.645448,1478532
1641254400000,2022-01-04,BTCUSDT,46446.1,47557.54,45500.0,45832.01,35491.4136,1649170424.1276135,1021815
1641168000000,2022-01-03,BTCUSDT,47286.18,47570.0,45696.0,46446.1,27662.0771,1292203508.3256547,885624
1641081600000,2022-01-02,BTCUSDT,47722.66,47990.0,46654.0,47286.18,18340.4604,866610995.5633582,709624
1640995200000,2022-01-01,BTCUSDT,46216.93,47954.63,46208.37,47722.65,19604.46325,924155159.5834864,714899
1640908800000,2021-12-31,BTCUSDT,47120.88,48548.26,45678.0,46216.93,34937.99796,1650715977.918517,1059783
1640822400000,2021-12-30,BTCUSDT,46464.66,47900.0,45900.0,47120.87,30352.29569,1428755720.453203,910157
1640736000000,2021-12-29,BTCUSDT,47543.74,48139.08,46096.99,46464.66,39498.87,1873785571.2732966,1114074
1640649600000,2021-12-28,BTCUSDT,50701.44,50704.05,47313.01,47543.74,45853.33924,2242102220.9310036,1345774
1640563200000,2021-12-27,BTCUSDT,50775.48,52088.0,50449.0,50701.44,28779.58212,1471423612.091862,1009238
1640476800000,2021-12-26,BTCUSDT,50399.67,51280.0,49412.0,50775.49,22569.88914,1132200241.5624182,797133
1640390400000,2021-12-25,BTCUSDT,50819.99,51156.23,50142.32,50399.66,19135.51613,971491029.130824,766979
1640304000000,2021-12-24,BTCUSDT,50838.82,51810.0,50384.43,50820.0,31661.94946,1616919305.7036664,1074410
1640217600000,2021-12-23,BTCUSDT,48588.17,51375.0,47920.42,50838.81,35192.54046,1738129830.7814522,1176050
1640131200000,2021-12-22,BTCUSDT,48887.59,49576.13,48421.87,48588.16,27004.2022,1322418595.3337295,949480
1640044800000,2021-12-21,BTCUSDT,46914.17,49328.96,46630.0,48889.88,37713.92924,1827234149.05988,1119412
1639958400000,2021-12-20,BTCUSDT,46681.24,47537.57,45558.85,46914.16,35848.50609,1663363117.8304534,1076488
1639872000000,2021-12-19,BTCUSDT,46834.47,48300.01,46406.91,46681.23,29305.70665,1384958598.3627698,874827
1639785600000,2021-12-18,BTCUSDT,46133.83,47392.37,45500.0,46834.48,25020.05271,1165205135.7008429,862066
1639699200000,2021-12-17,BTCUSDT,47632.38,47995.96,45456.0,46131.2,43104.4887,2015966349.5161326,1261780
1639612800000,2021-12-16,BTCUSDT,48864.98,49436.43,47511.0,47632.38,31949.86739,1551200654.0527449,1023983
1639526400000,2021-12-15,BTCUSDT,48336.95,49500.0,46547.0,48864.98,51629.181,2487012309.091549,1438176
1639440000000,2021-12-14,BTCUSDT,46702.76,48700.41,46290.0,48343.28,39955.98445,1887427362.4740965,1194992
1639353600000,2021-12-13,BTCUSDT,50053.9,50189.97,45672.75,46702.75,50869.52093,2423888500.7903047,1399599
1639267200000,2021-12-12,BTCUSDT,49389.99,50777.0,48638.0,50053.9,26017.93421,1292315883.6245537,863605
1639180800000,2021-12-11,BTCUSDT,47140.54,49485.71,46751.0,49389.99,28889.19358,1397524635.5814018,957390
1639094400000,2021-12-10,BTCUSDT,47535.9,50125.0,46852.0,47140.54,44233.57391,2135023722.8531518,1215231
1639008000000,2021-12-09,BTCUSDT,50471.19,50797.76,47320.0,47545.59,37692.68665,1841474998.8951101,1130599
1638921600000,2021-12-08,BTCUSDT,50588.95,51200.0,48600.0,50471.19,38425.92466,1925458787.114752,1118225
1638835200000,2021-12-07,BTCUSDT,50441.91,51936.33,50039.74,50588.95,38253.46877,1950573500.2086656,1212350
1638748800000,2021-12-06,BTCUSDT,49396.32,50891.11,47100.0,50441.92,58571.21575,2851528919.1795363,1741956
1638662400000,2021-12-05,BTCUSDT,49152.46,49699.05,47727.21,49396.33,45580.82012,2231486105.843912,1371839
1638576000000,2021-12-04,BTCUSDT,53601.05,53859.1,42000.3,49152.47,114203.373748,5495712061.978532,3362771
1638489600000,2021-12-03,BTCUSDT,56484.26,57600.0,51680.0,53601.05,58927.69027,3246198505.9468513,1865063
1638403200000,2021-12-02,BTCUSDT,57184.07,57375.47,55777.77,56480.34,37574.05976,2127110102.107309,1307890
1638316800000,2021-12-01,BTCUSDT,56950.56,59053.55,56458.01,57184.07,44956.63656,2584928714.0757422,1442301
1638230400000,2021-11-30,BTCUSDT,57776.25,59176.99,55875.55,56950.56,49161.05194,2823644073.0219045,1587472
1638144000000,2021-11-29,BTCUSDT,57274.89,58865.97,56666.67,57776.25,40125.28009,2313371348.113543,1349625
1638057600000,2021-11-28,BTCUSDT,54716.47,57445.05,53256.64,57274.88,36163.7137,1982198373.5328348,1253408
1637971200000,2021-11-27,BTCUSDT,53723.72,55280.0,53610.0,54721.03,29716.99957,1623173123.4917314,1110145
1637884800000,2021-11-26,BTCUSDT,58960.37,59150.0,53500.0,53726.53,65927.87066,3649353860.4295673,2138184
1637798400000,2021-11-25,BTCUSDT,57138.29,59398.9,57000.0,58960.36,42153.51522,2455658857.7005925,1604266
1637712000000,2021-11-24,BTCUSDT,57541.26,57735.0,55837.0,57138.29,39612.04964,2246374244.330568,1432991
1637625600000,2021-11-23,BTCUSDT,56243.83,58009.99,55317.0,57541.27,49917.85017,2837210673.4885187,1570845
1637539200000,2021-11-22,BTCUSDT,58617.7,59444.0,55610.0,56247.18,51724.32047,2968622334.137657,1624768
1637452800000,2021-11-21,BTCUSDT,59707.52,60029.76,58486.65,58622.02,31902.22785,1886578154.5167084,1249219
1637366400000,2021-11-20,BTCUSDT,58057.1,59845.0,57353.0,59707.51,33811.5901,1982718831.1570768,1200190
1637280000000,2021-11-19,BTCUSDT,56891.62,58320.0,55600.0,58052.24,50715.88726,2896189975.910774,1560459
1637193600000,2021-11-18,BTCUSDT,60344.86,60976.0,56474.26,56891.62,62146.99931,3644824179.1448526,1960419
1637107200000,2021-11-17,BTCUSDT,60058.87,60840.23,58373.0,60344.87,46289.38491,2767802055.200423,1471305
1637020800000,2021-11-16,BTCUSDT,63606.73,63617.31,58574.07,60058.87,77455.15609,4705744041.299647,2353681
1636934400000,2021-11-15,BTCUSDT,65519.11,66401.82,63400.0,63606.74,37829.37124,2460915922.876128,1305209
1636848000000,2021-11-14,BTCUSDT,64380.01,65550.51,63576.27,65519.1,25705.07347,1658473781.2937696,951393
1636761600000,2021-11-13,BTCUSDT,64122.22,65000.0,63360.22,64380.0,22504.97383,1442441613.5983922,904149
1636675200000,2021-11-12,BTCUSDT,64774.25,65450.7,62278.0,64122.23,44490.10816,2844286547.504041,1479149
1636588800000,2021-11-11,BTCUSDT,64882.42,65600.07,64100.0,64774.26,37237.98058,2415537333.57771,1327827
1636502400000,2021-11-10,BTCUSDT,66947.67,69000.0,62822.9,64882.43,65171.504046,4335575752.805223,2347934
1636416000000,2021-11-09,BTCUSDT,67525.82,68524.25,66222.4,66947.66,44661.378068,3014326962.087268,1847655
1636329600000,2021-11-08,BTCUSDT,63273.58,67789.0,63273.58,67525.83,54442.094554,3575716171.0442996,2349581
1636243200000,2021-11-07,BTCUSDT,61470.62,63286.35,61322.78,63273.59,25515.6883,1585744720.1997721,1068629
1636156800000,2021-11-06,BTCUSDT,60940.18,61560.49,60050.0,61470.61,25590.57408,1556774943.5537283,965309
1636070400000,2021-11-05,BTCUSDT,61395.01,62595.72,60721.0,60937.12,31604.48749,1943346371.470386,1243074
1635984000000,2021-11-04,BTCUSDT,62896.49,63086.31,60677.01,61395.01,35930.93314,2218138026.7045407,1346081
1635897600000,2021-11-03,BTCUSDT,63220.57,63500.0,60382.76,62896.48,43336.09049,2713389500.4663587,1601925
1635811200000,2021-11-02,BTCUSDT,60911.12,64270.0,60624.68,63219.99,46368.2841,2909221038.40065,1858362
1635724800000,2021-11-01,BTCUSDT,61299.81,62437.74,59405.0,60911.11,44687.66672,2737282804.738131,1472636
1635638400000,2021-10-31,BTCUSDT,61859.19,62405.3,59945.36,61299.8,39267.63794,2396556477.343494,1563417
1635552000000,2021-10-30,BTCUSDT,62253.7,62359.25,60673.0,61859.19,31478.12566,1937860260.4380624,1197748
1635465600000,2021-10-29,BTCUSDT,60575.9,62980.0,60174.81,62253.71,43973.90414,2706090987.3096256,1417344
1635379200000,2021-10-28,BTCUSDT,58413.44,62499.0,57820.0,60575.89,61056.35301,3677629851.059607,1878275
1635292800000,2021-10-27,BTCUSDT,60328.81,61496.0,58000.0,58413.44,62124.49016,3688306192.9724174,1913083
1635206400000,2021-10-26,BTCUSDT,63078.78,63293.48,59817.55,60328.81,40217.50083,2492606133.3189454,1334460
1635120000000,2021-10-25,BTCUSDT,60852.22,63710.63,60650.0,63078.78,36853.83806,2309339650.1093802,1270453
1635033600000,2021-10-24,BTCUSDT,61286.75,61500.0,59510.63,60852.22,31226.57676,1889694558.9504948,1052085
1634947200000,2021-10-23,BTCUSDT,60688.23,61747.64,59562.15,61286.75,27626.93678,1686121722.2187824,982103
1634860800000,2021-10-22,BTCUSDT,62193.15,63732.39,60000.0,60688.22,52119.35886,3229377744.311425,1555280
1634774400000,2021-10-21,BTCUSDT,66001.4,66639.74,62000.0,62193.15,68538.64537,4407757970.879756,2181665
1634688000000,2021-10-20,BTCUSDT,64280.59,67000.0,63481.4,66001.41,51428.934856,3362878816.4045925,1823286
1634601600000,2021-10-19,BTCUSDT,62005.6,64486.0,61322.22,64280.59,53628.107744,3370863940.269437,1755708
1634515200000,2021-10-18,BTCUSDT,61528.32,62695.78,59844.45,62009.84,51798.44844,3195091233.4205527,1629184
1634428800000,2021-10-17,BTCUSDT,60875.57,61718.39,58963.0,61528.33,39099.24124,2371696294.797305,1331655
1634342400000,2021-10-16,BTCUSDT,61672.42,62378.42,60150.0,60875.57,35467.88096,2173374058.808911,1360379
1634256000000,2021-10-15,BTCUSDT,57347.94,62933.0,56850.0,61672.42,82512.908022,4959389368.726733,2649137
1634169600000,2021-10-14,BTCUSDT,57370.83,58532.54,56818.05,57347.94,43053.336781,2481915791.591235,1372048
1634083200000,2021-10-13,BTCUSDT,55996.91,57777.0,54167.19,57367.0,55808.44492,3123307687.477303,1610489
1633996800000,2021-10-12,BTCUSDT,57471.35,57680.0,53879.0,55996.93,53471.2855,3017210682.8859496,1554412
1633910400000,2021-10-11,BTCUSDT,54659.01,57839.04,54415.06,57471.35,52933.165751,2994673617.7236485,1690409
1633824000000,2021-10-10,BTCUSDT,54949.72,56561.31,54080.0,54659.0,89237.836128,4923958325.389875,2427176
1633737600000,2021-10-09,BTCUSDT,53955.67,55489.0,53661.67,54949.72,55177.08013,3024862790.6955924,1609483
1633651200000,2021-10-08,BTCUSDT,53785.22,56100.0,53617.61,53951.43,46160.25785,2522087625.0940795,1548832
1633564800000,2021-10-07,BTCUSDT,55315.0,55332.31,53357.0,53785.22,54917.37766,2983143121.088643,1703147
1633478400000,2021-10-06,BTCUSDT,51471.99,55750.0,50382.41,55315.0,79877.545181,4236927265.3815217,2443126
1633392000000,2021-10-05,BTCUSDT,49224.93,51886.3,49022.4,51471.99,52125.66793,2618101829.017722,1641651
1633305600000,2021-10-04,BTCUSDT,48200.01,49536.12,46891.0,49224.94,46796.49372,2258464361.1263566,1437692
1633219200000,2021-10-03,BTCUSDT,47634.89,49228.08,47088.0,48200.01,30825.05601,1482764462.1905773,1114294
1633132800000,2021-10-02,BTCUSDT,48141.6,48336.59,47430.18,47634.9,30508.98131,1459064880.5324447,996116
1633046400000,2021-10-01,BTCUSDT,43820.01,48495.0,43283.03,48141.61,66244.87492,3076094886.5924745,1771237
1632960000000,2021-09-30,BTCUSDT,41524.29,44141.37,41410.17,43824.1,46381.22781,2005486003.5646772,1197815
1632873600000,2021-09-29,BTCUSDT,41025.01,42590.0,40753.88,41524.28,33511.53487,1399625476.0563762,884909
1632787200000,2021-09-28,BTCUSDT,42147.35,42787.38,40888.0,41026.54,43372.2624,1816305387.8388581,1045389
1632700800000,2021-09-27,BTCUSDT,43160.9,44350.0,42098.0,42147.35,39776.84383,1728912299.8034244,1001487
1632614400000,2021-09-26,BTCUSDT,42670.63,43950.0,40750.0,43160.9,49879.99765,2124657079.2797763,1374145
1632528000000,2021-09-25,BTCUSDT,42810.58,42966.84,41646.28,42670.64,33594.57189,1428238748.2095258,949787
1632441600000,2021-09-24,BTCUSDT,44865.26,45200.0,40675.0,42810.57,84113.426292,3596718231.0505486,1819744
1632355200000,2021-09-23,BTCUSDT,43546.37,44978.0,43069.09,44865.26,48699.57655,2147211305.482089,1196106
1632268800000,2021-09-22,BTCUSDT,40734.09,44000.55,40565.39,43543.61,58349.05542,2482639471.907596,1304011
1632182400000,2021-09-21,BTCUSDT,43016.64,43639.0,39600.0,40734.38,84534.080485,3551997786.6903553,1820721
1632096000000,2021-09-20,BTCUSDT,47241.75,47347.25,42500.0,43015.62,78003.524443,3457139274.3000712,1842231
1632009600000,2021-09-19,BTCUSDT,48292.75,48372.83,46829.18,47241.75,29847.24349,1421642879.4932063,909785
1631923200000,2021-09-18,BTCUSDT,47299.98,48843.2,47035.56,48292.74,30906.47038,1491461627.9514225,976346
1631836800000,2021-09-17,BTCUSDT,47737.81,48150.0,46699.56,47299.98,34461.92776,1637122049.4128377,1033968
1631750400000,2021-09-16,BTCUSDT,48121.4,48557.0,47021.1,47737.82,40725.08895,1948447232.9107175,1176129
1631664000000,2021-09-15,BTCUSDT,47103.28,48500.0,46682.32,48121.41,43204.71174,2056996398.8439617,1176050
1631577600000,2021-09-14,BTCUSDT,44940.72,47250.0,44594.44,47111.52,44855.85099,2072259519.06192,1210258
1631491200000,2021-09-13,BTCUSDT,46025.23,46880.0,43370.0,44940.73,65429.15056,2930668118.2616343,1703512
1631404800000,2021-09-12,BTCUSDT,45173.68,46460.0,44742.06,46025.24,32094.28052,1464780920.2199812,1179808
1631318400000,2021-09-11,BTCUSDT,44842.2,45987.93,44722.22,45173.69,30440.4081,1380370764.0127168,1060890
1631232000000,2021-09-10,BTCUSDT,46395.14,47033.0,44132.29,44850.91,49048.26618,2243698626.039517,1569941
1631145600000,2021-09-09,BTCUSDT,46048.31,47399.97,45513.08,46395.14,50651.66002,2351862983.5182405,1567586
1631059200000,2021-09-08,BTCUSDT,46868.57,47340.99,44412.02,46048.31,65069.3152,3000605793.9389606,1796101
1630972800000,2021-09-07,BTCUSDT,52666.2,52920.0,42843.05,46863.73,123048.802719,6004105772.870442,3321711
1630886400000,2021-09-06,BTCUSDT,51756.88,52780.0,50969.33,52663.9,49249.667081,2549290983.0568776,1678015
1630800000000,2021-09-05,BTCUSDT,49917.54,51900.0,49450.0,51756.88,40544.835873,2049212025.844659,1417660
1630713600000,2021-09-04,BTCUSDT,49998.0,50535.69,49370.0,49915.64,34664.65959,1733527136.444259,1225830
1630627200000,2021-09-03,BTCUSDT,49246.63,51000.0,48316.84,49999.14,59025.644157,2949574478.071738,1645163
1630540800000,2021-09-02,BTCUSDT,48810.51,50450.13,48584.06,49246.64,54410.770538,2704192314.674689,1549849
1630454400000,2021-09-01,BTCUSDT,47100.89,49156.0,46512.0,48810.52,49904.65528,2386074445.4158525,1280384
1630368000000,2021-08-31,BTCUSDT,46982.91,48246.11,46700.0,47100.89,48645.52737,2303799571.3822727,1300400
1630281600000,2021-08-30,BTCUSDT,48767.84,48888.61,46853.0,46982.91,40288.35083,1932344430.9239264,1204012
1630195200000,2021-08-29,BTCUSDT,48895.35,49632.27,47762.54,48767.83,32652.283473,1588661416.3603795,1193046
1630108800000,2021-08-28,BTCUSDT,49069.9,49299.0,48346.88,48895.35,26681.063786,1303966035.7705495,793012
1630022400000,2021-08-27,BTCUSDT,46843.86,49149.93,46348.0,49069.9,42068.104965,2007071230.2199953,1320503
1629936000000,2021-08-26,BTCUSDT,48973.32,49352.84,46250.0,46843.87,49371.277774,2333900030.229628,1532753
1629849600000,2021-08-25,BTCUSDT,47674.01,49264.3,47126.28,48973.32,44655.830342,2149442271.5264206,1559186
1629763200000,2021-08-24,BTCUSDT,49488.85,49860.0,47600.0,47674.01,51014.594748,2486079315.564424,1692896
1629676800000,2021-08-23,BTCUSDT,49239.22,50500.0,49029.0,49488.85,52462.541954,2616721363.6851716,2143309
1629590400000,2021-08-22,BTCUSDT,48821.88,49500.0,48050.0,49239.22,37007.887795,1807169840.1691716,1610192
1629504000000,2021-08-21,BTCUSDT,49322.47,49757.04,48222.0,48821.87,46745.136584,2290966131.3761606,2069725
1629417600000,2021-08-20,BTCUSDT,46760.62,49382.99,46622.99,49322.47,56850.352228,2721131744.277817,1950404
1629331200000,2021-08-19,BTCUSDT,44699.37,47033.0,43927.7,46760.62,53411.75392,2416320067.133769,1774382
1629244800000,2021-08-18,BTCUSDT,44695.95,46000.0,44203.28,44705.29,54099.415985,2439673265.947117,1656723
1629158400000,2021-08-17,BTCUSDT,45901.3,47160.0,44376.0,44695.95,57039.341629,2616339597.9157424,1781303
1629072000000,2021-08-16,BTCUSDT,46973.82,48053.83,45660.0,45901.29,52480.574014,2462127629.6090236,1655378
1628985600000,2021-08-15,BTCUSDT,47068.5,47372.27,45500.0,46973.82,42110.711334,1950753713.2121248,1580122
1628899200000,2021-08-14,BTCUSDT,47799.99,48144.0,45971.03,47068.51,46114.359022,2166461458.668249,1849556
1628812800000,2021-08-13,BTCUSDT,44400.06,47886.0,44217.39,47800.0,48239.370431,2239435701.1177917,1804716
1628726400000,2021-08-12,BTCUSDT,45510.67,46218.12,43770.0,44399.0,55266.108781,2478758524.864176,1623329
1628640000000,2021-08-11,BTCUSDT,45585.0,46743.47,45341.14,45511.0,52734.901977,2432788769.8326964,1862925
1628553600000,2021-08-10,BTCUSDT,46248.87,46700.0,44589.46,45584.99,53814.643421,2452485823.9336543,1951330
1628467200000,2021-08-09,BTCUSDT,43794.36,46454.15,42779.0,46253.4,74587.884845,3362870286.2581177,2130595
1628380800000,2021-08-08,BTCUSDT,44572.54,45310.0,43261.0,43794.37,69329.092698,3074924734.87934,1857112
1628294400000,2021-08-07,BTCUSDT,42836.87,44700.0,42446.41,44572.54,73396.740808,3197407326.0367928,2258213
1628208000000,2021-08-06,BTCUSDT,40862.46,43392.43,39853.86,42836.87,75753.941347,3148022459.9161587,2223356
1628121600000,2021-08-05,BTCUSDT,39723.17,41350.0,37332.7,40862.46,84343.755621,3314527738.3397326,1913281
1628035200000,2021-08-04,BTCUSDT,38207.04,39969.66,37508.56,39723.18,52329.35243,2028792778.184805,1220555
1627948800000,2021-08-03,BTCUSDT,39146.86,39780.0,37642.03,38207.05,57117.435853,2195360658.5673285,1379871
1627862400000,2021-08-02,BTCUSDT,39850.27,40480.01,38690.0,39147.82,50837.351954,2010928003.594409,1162878
1627776000000,2021-08-01,BTCUSDT,41461.84,42599.0,39422.01,39845.44,53953.186326,2227567271.4878654,1603964
1627689600000,2021-07-31,BTCUSDT,42206.36,42448.0,41000.15,41461.83,44849.791012,1868285510.8846786,1565380
1627603200000,2021-07-30,BTCUSDT,40018.49,42316.71,38313.23,42206.37,73602.784805,2939833541.3815365,1797012
1627516800000,2021-07-29,BTCUSDT,40019.57,40640.0,39200.0,40016.48,53998.439283,2154190697.3453183,1428738
1627430400000,2021-07-28,BTCUSDT,39456.61,40900.0,38772.0,40019.56,101344.528441,4040889461.661528,2631048
1627344000000,2021-07-27,BTCUSDT,37241.33,39542.61,36383.0,39457.87,88397.267015,3335658261.9955463,1938478
1627257600000,2021-07-26,BTCUSDT,35381.02,40550.0,35205.78,37237.6,152452.512724,5832475057.065676,3330102
1627171200000,2021-07-25,BTCUSDT,34261.51,35398.0,33851.12,35381.02,47852.928313,1646935552.8055446,1245775
1627084800000,2021-07-24,BTCUSDT,33634.1,34500.0,33401.14,34258.14,47977.550138,1625046258.436552,1196914
1626998400000,2021-07-23,BTCUSDT,32287.58,33650.0,31924.32,33634.09,50112.863626,1631947003.0730464,1394786
1626912000000,2021-07-22,BTCUSDT,32144.51,32591.35,31708.0,32287.83,46148.092433,1482763544.9505363,1000742
1626825600000,2021-07-21,BTCUSDT,29790.34,32858.0,29482.61,32144.51,82796.265128,2603140706.0822244,1415058
1626739200000,2021-07-20,BTCUSDT,30839.65,31063.07,29278.0,29790.35,61034.049017,1821230700.020391,1062139
1626652800000,2021-07-19,BTCUSDT,31778.57,31899.0,30407.44,30839.65,47340.468499,1470563281.9365027,846029
1626566400000,2021-07-18,BTCUSDT,31520.07,32435.0,31108.97,31778.56,35923.716186,1140964365.6466017,760979
1626480000000,2021-07-17,BTCUSDT,31383.86,31955.92,31164.31,31520.07,34012.242132,1072815966.3363075,883442
1626393600000,2021-07-16,BTCUSDT,31874.49,32249.18,31020.0,31383.87,48499.864154,1538342711.579657,1067591
1626307200000,2021-07-15,BTCUSDT,32820.03,33185.25,31133.0,31880.0,51639.576353,1652077965.4365597,1099367
1626220800000,2021-07-14,BTCUSDT,32729.12,33114.03,31550.0,32820.02,46777.823484,1515692074.9875476,1123129
1626134400000,2021-07-13,BTCUSDT,33086.94,33340.0,32202.25,32729.77,41126.361008,1348583017.0103433,956053
1626048000000,2021-07-12,BTCUSDT,34259.0,34678.43,32658.34,33086.63,48181.403762,1620646741.334963,1176847
1625961600000,2021-07-11,BTCUSDT,33502.87,34666.0,33306.47,34258.99,31572.647448,1070033013.1920449,952891
1625875200000,2021-07-10,BTCUSDT,33815.81,34262.0,33004.78,33502.87,34761.175468,1171790111.0829952,865508
1625788800000,2021-07-09,BTCUSDT,32875.71,34100.0,32261.07,33815.81,47153.939899,1562958239.3913763,1236351
1625702400000,2021-07-08,BTCUSDT,33862.11,33929.64,32077.0,32875.71,70136.48032,2304973020.298715,1257892
1625616000000,2021-07-07,BTCUSDT,34220.02,35059.09,33777.77,33862.12,53807.521675,1857658028.4808037,1041416
1625529600000,2021-07-06,BTCUSDT,33690.15,35118.88,33532.0,34220.01,58210.596349,1991691100.9482656,1184687
1625443200000,2021-07-05,BTCUSDT,35288.13,35293.78,33125.55,33690.14,64123.874245,2183406257.493829,1109367
1625356800000,2021-07-04,BTCUSDT,34669.12,35967.85,34357.15,35286.51,43703.475789,1544458212.3926332,1164970
1625270400000,2021-07-03,BTCUSDT,33786.54,34945.61,33316.73,34669.13,43044.578641,1478423023.5034828,1078278
1625184000000,2021-07-02,BTCUSDT,33502.33,33977.04,32699.0,33786.55,56172.181378,1870193042.3935366,1176457
1625097600000,2021-07-01,BTCUSDT,35045.0,35057.57,32711.0,33504.69,71708.266112,2410809595.390457,1240681
1625011200000,2021-06-30,BTCUSDT,35911.72,36100.0,34017.55,35045.0,77152.197634,2688939291.095673,1301036
1624924800000,2021-06-29,BTCUSDT,34494.89,36600.0,34225.43,35911.73,90788.79622,3233947791.863388,1673802
1624838400000,2021-06-28,BTCUSDT,34702.49,35297.71,33862.72,34494.89,82222.267819,2837122779.5244017,1868627
1624752000000,2021-06-27,BTCUSDT,32283.65,34749.0,31973.45,34700.34,96613.244211,3199980157.750333,1799875
1624665600000,2021-06-26,BTCUSDT,31576.09,32730.0,30151.0,32283.65,107820.375287,3376415451.7931237,1814051
1624579200000,2021-06-25,BTCUSDT,34663.08,35500.0,31275.0,31584.45,116061.130356,3846120542.6572967,2094932
1624492800000,2021-06-24,BTCUSDT,33675.07,35298.0,32286.57,34663.09,86625.80426,2925373222.105977,1531230
1624406400000,2021-06-23,BTCUSDT,32509.56,34881.0,31683.0,33678.07,126966.100563,4282250433.9194446,2026228
1624320000000,2021-06-22,BTCUSDT,31614.12,33298.78,28805.0,32509.56,204208.179762,6406159197.076789,3113977
1624233600000,2021-06-21,BTCUSDT,35600.17,35750.0,31251.23,31608.93,168778.873159,5545926077.788067,2688993
1624147200000,2021-06-20,BTCUSDT,35483.72,36137.72,33336.0,35600.16,89878.17085,3124634336.840761,1691871
1624060800000,2021-06-19,BTCUSDT,35820.48,36457.0,34803.52,35483.72,68712.449461,2453817534.777169,1212278
1623974400000,2021-06-18,BTCUSDT,38092.97,38202.84,35129.29,35819.84,95228.042935,3507868126.3062024,1809253
1623888000000,2021-06-17,BTCUSDT,38349.0,39559.88,37365.0,38092.97,79541.307119,3065622530.039886,1620210
1623801600000,2021-06-16,BTCUSDT,40143.8,40527.14,38116.01,38349.01,87771.976937,3450556041.6005836,2134897
1623715200000,2021-06-15,BTCUSDT,40516.28,41330.0,39506.4,40144.04,80679.622838,3247746713.62741,1931890
1623628800000,2021-06-14,BTCUSDT,39020.56,41064.05,38730.0,40516.29,108522.391949,4320307646.765389,2185089
1623542400000,2021-06-13,BTCUSDT,35546.12,39380.0,34757.0,39020.57,86921.025555,3208991521.63768,1894103
1623456000000,2021-06-12,BTCUSDT,37331.98,37463.63,34600.36,35546.11,87717.54999,3132387326.5375137,1719650
1623369600000,2021-06-11,BTCUSDT,36677.83,37680.4,35936.77,37331.98,78466.0053,2903043643.3100724,1727645
1623283200000,2021-06-10,BTCUSDT,37388.05,38491.0,35782.0,36675.72,109527.284943,4062957162.3643003,2231430
1623196800000,2021-06-09,BTCUSDT,33380.8,37534.79,32396.82,37388.05,136607.597517,4794741674.438823,2601479
1623110400000,2021-06-08,BTCUSDT,33556.96,34068.01,31000.0,33380.81,123251.189037,4030784324.609684,2074885
1623024000000,2021-06-07,BTCUSDT,35796.31,36900.0,33300.0,33552.79,77574.952573,2755673601.7139134,1532260
1622937600000,2021-06-06,BTCUSDT,35516.07,36480.0,35222.0,35796.31,47650.206637,1711857075.0471697,993430
1622851200000,2021-06-05,BTCUSDT,36829.15,37925.0,34800.0,35513.2,70459.62149,2560547116.8364058,1463754
1622764800000,2021-06-04,BTCUSDT,39246.78,39289.07,35555.15,36829.0,91317.799245,3379399754.9305224,1926311
1622678400000,2021-06-03,BTCUSDT,37568.68,39476.0,37170.0,39246.79,75889.106011,2930945325.709207,1949658
1622592000000,2021-06-02,BTCUSDT,36694.85,38225.0,35920.0,37568.68,67587.372495,2523462575.688438,1530915
1622505600000,2021-06-01,BTCUSDT,37253.82,37894.81,35666.0,36693.09,81234.66377,2973928300.375587,1760417
1622419200000,2021-05-31,BTCUSDT,35641.26,37499.0,34153.84,37253.81,94160.735289,3406047734.831128,1896359
1622332800000,2021-05-30,BTCUSDT,34605.15,36488.0,33379.0,35641.27,73535.386967,2601994948.148242,1559892
1622246400000,2021-05-29,BTCUSDT,35661.79,37338.58,33632.76,34605.15,112663.092689,3949843335.322595,2169643
1622160000000,2021-05-28,BTCUSDT,38529.99,38877.83,34684.0,35663.49,135377.62972,4926260941.933613,2659178
1622073600000,2021-05-27,BTCUSDT,39241.92,40411.14,37134.27,38529.98,86547.158794,3361413526.0535436,2102182
1621987200000,2021-05-26,BTCUSDT,38324.72,40841.0,37800.44,39241.91,104780.773396,4113717505.2635546,2432319
1621900800000,2021-05-25,BTCUSDT,38810.99,39791.77,36419.62,38324.72,111996.228404,4253519579.378729,2508310
1621814400000,2021-05-24,BTCUSDT,34681.44,39920.0,34031.0,38796.29,161630.893971,5996773032.151344,3510578
1621728000000,2021-05-23,BTCUSDT,37458.51,38270.64,31111.01,34655.25,217136.046593,7431242463.203841,4082004
1621641600000,2021-05-22,BTCUSDT,37263.35,38829.0,35200.62,37449.73,126542.243689,4730567647.6744,2716691
1621555200000,2021-05-21,BTCUSDT,40525.39,42200.0,33488.0,37252.01,202100.888258,7713346610.274127,3993336
1621468800000,2021-05-20,BTCUSDT,36671.23,42451.67,34850.0,40526.64,203017.596923,8019897067.17622,4269898
1621382400000,2021-05-19,BTCUSDT,42849.78,43584.9,30000.0,36690.09,354347.243161,13477694934.871796,6331062
1621296000000,2021-05-18,BTCUSDT,43538.02,45799.29,42250.02,42849.78,116979.860784,5146670282.547901,2561165
1621209600000,2021-05-17,BTCUSDT,46426.83,46686.0,42001.0,43538.04,166657.172736,7346755531.933857,3216821
1621123200000,2021-05-16,BTCUSDT,46762.99,49795.89,43825.39,46431.5,114269.812775,5367497608.115901,2661295
1621036800000,2021-05-15,BTCUSDT,49844.16,50700.0,46555.0,46762.99,89437.449359,4350775846.517358,2286791
1620950400000,2021-05-14,BTCUSDT,49671.92,51483.0,48799.75,49841.45,80082.204306,4015904915.407911,2095860
1620864000000,2021-05-13,BTCUSDT,49537.15,51367.19,46000.0,49670.97,147332.002121,7303694688.601401,3570506
1620777600000,2021-05-12,BTCUSDT,56670.02,58000.01,48600.0,49631.32,99842.789836,5476115093.110468,2676826
1620691200000,2021-05-11,BTCUSDT,55816.14,56862.43,54370.0,56670.02,64329.54055,3583030654.7630196,1911480
1620604800000,2021-05-10,BTCUSDT,58240.83,59500.0,53400.0,55816.14,89586.34925,5131782639.966137,2575419
1620518400000,2021-05-09,BTCUSDT,58866.53,59300.0,56235.66,58240.84,69806.11991,4043552701.506599,2170139
1620432000000,2021-05-08,BTCUSDT,57315.49,59500.0,56900.0,58862.05,69709.906028,4079553831.988064,2311378
1620345600000,2021-05-07,BTCUSDT,56393.68,58650.0,55241.63,57314.75,74542.747829,4239374487.474772,2361692
1620259200000,2021-05-06,BTCUSDT,57436.11,58360.0,55200.0,56393.68,70181.671908,3992289527.7370977,2459881
1620172800000,2021-05-05,BTCUSDT,53205.05,58069.82,52900.0,57436.11,77263.923439,4327994296.151437,2378119
1620086400000,2021-05-04,BTCUSDT,57169.39,57200.0,53046.69,53200.01,85324.625903,4705402064.300976,2492629
1620000000000,2021-05-03,BTCUSDT,56578.21,58981.44,56435.0,57169.39,57649.931286,3337604542.6273804,2102128
1619913600000,2021-05-02,BTCUSDT,57797.35,57911.02,56035.25,56578.21,36812.878863,2089763230.439627,1371638
1619827200000,2021-05-01,BTCUSDT,57697.25,58458.07,56956.14,57800.37,42600.351836,2460342954.842521,1743013
1619740800000,2021-04-30,BTCUSDT,53555.0,57963.0,53013.01,57694.27,68578.910045,3808187372.73938,2267648
1619654400000,2021-04-29,BTCUSDT,54846.23,55195.84,52330.94,53555.0,52486.019455,2823220335.476041,1763676
1619568000000,2021-04-28,BTCUSDT,55011.97,56428.0,53813.16,54846.22,55130.459015,3020242787.5066776,1830042
1619481600000,2021-04-27,BTCUSDT,54001.38,55460.0,53222.0,55011.97,54064.034675,2949719328.3669896,1568666
1619395200000,2021-04-26,BTCUSDT,49066.76,54356.62,48753.44,54001.39,86310.802124,4555688503.3973875,2174544
1619308800000,2021-04-25,BTCUSDT,50047.84,50567.91,46930.0,49066.77,58255.645004,2867858315.1873198,1475479
1619222400000,2021-04-24,BTCUSDT,51110.56,51166.22,48657.14,50047.84,55361.512573,2762081002.878663,1164985
1619136000000,2021-04-23,BTCUSDT,51690.95,52131.85,47500.0,51125.14,132230.780719,6571097317.467918,2888237
1619049600000,2021-04-22,BTCUSDT,53787.62,55521.48,50500.0,51690.96,104656.631337,5594983857.318092,2744621
1618963200000,2021-04-21,BTCUSDT,56425.0,56757.91,53536.02,53787.63,66984.756909,3704549578.697303,2134946
1618876800000,2021-04-20,BTCUSDT,55633.14,57076.24,53329.96,56425.0,72744.482151,4037701391.6195264,2148820
1618790400000,2021-04-19,BTCUSDT,56150.01,57526.81,54221.58,55633.14,78229.042267,4398619580.647143,2390527
1618704000000,2021-04-18,BTCUSDT,60006.67,60499.0,50931.3,56150.01,124882.131824,6949379727.429153,3444089
1618617600000,2021-04-17,BTCUSDT,61334.81,62506.05,59580.91,60006.66,58912.256128,3605701810.675047,2268816
1618531200000,2021-04-16,BTCUSDT,63158.74,63520.61,60000.0,61334.8,91764.139884,5647292669.615493,2639940
1618444800000,2021-04-15,BTCUSDT,62959.53,63800.0,62020.0,63159.98,51649.70034,3248931738.293182,1938028
1618358400000,2021-04-14,BTCUSDT,63575.01,64854.0,61301.0,62959.53,82616.343993,5239081228.156977,2645625
1618272000000,2021-04-13,BTCUSDT,59860.01,63777.77,59805.15,63575.0,82848.688746,5154877375.389618,2703735
1618185600000,2021-04-12,BTCUSDT,59998.8,61300.0,59350.59,59860.0,56375.037117,3393042867.871467,1806298
1618099200000,2021-04-11,BTCUSDT,59769.13,60699.0,59232.52,60002.43,41156.715391,2462032926.617981,1746102
1618012800000,2021-04-10,BTCUSDT,58142.55,61500.0,57900.01,59769.13,69906.424117,4197138552.4690337,2470398
1617926400000,2021-04-09,BTCUSDT,58077.52,58894.9,57654.0,58142.54,40831.884911,2378340697.289584,1615962
1617840000000,2021-04-08,BTCUSDT,55953.44,58153.31,55700.0,58077.52,44283.147019,2531779682.552427,1661080
1617753600000,2021-04-07,BTCUSDT,57990.03,58655.0,55473.0,55953.45,71228.405659,4053294016.4845147,2206433
1617667200000,2021-04-06,BTCUSDT,59129.99,59495.24,57413.02,57991.15,54201.000727,3166911557.1481576,1960513
1617580800000,2021-04-05,BTCUSDT,58202.01,59272.0,56777.77,59129.99,54258.01579,3155214764.164485,2035877
1617494400000,2021-04-04,BTCUSDT,57051.95,58492.85,56388.0,58202.01,41314.081973,2380139010.7302322,1499113
1617408000000,2021-04-03,BTCUSDT,58950.01,59791.72,56880.0,57051.94,47409.852113,2783151686.164537,1606805
1617321600000,2021-04-02,BTCUSDT,58720.45,60200.0,58428.57,58950.01,47382.418781,2811159761.2684674,1666356
1617235200000,2021-04-01,BTCUSDT,58739.46,59490.0,57935.45,58720.44,47415.61722,2789238879.943373,1594431
1617148800000,2021-03-31,BTCUSDT,58746.57,59800.0,56769.0,58740.55,60975.542666,3575976083.804576,1928224
1617062400000,2021-03-30,BTCUSDT,57635.46,59368.0,57071.35,58746.57,55122.443122,3221944107.4550304,1612744
1616976000000,2021-03-29,BTCUSDT,55777.65,58405.82,54800.01,57635.47,67857.937398,3877131109.734646,1983437
1616889600000,2021-03-28,BTCUSDT,55817.14,56559.75,54691.84,55777.63,39050.387511,2178777329.4452167,1551283
1616803200000,2021-03-27,BTCUSDT,55025.59,56700.36,53950.0,55817.14,50105.475055,2767070175.861931,1528776
1616716800000,2021-03-26,BTCUSDT,51293.78,55073.46,51214.6,55025.59,63813.774692,3397036140.751637,1773150
1616630400000,2021-03-25,BTCUSDT,52303.66,53287.0,50427.56,51293.78,87400.534538,4536327184.957861,2099425
1616544000000,2021-03-24,BTCUSDT,54342.8,57200.0,51700.0,52303.65,83537.465021,4583159614.046461,2401988
1616457600000,2021-03-23,BTCUSDT,54083.25,55830.9,53000.0,54340.89,59789.365427,3264650774.817461,1740349
1616371200000,2021-03-22,BTCUSDT,57351.56,58430.73,53650.0,54083.25,62581.626169,3527479514.3256526,1927345
1616284800000,2021-03-21,BTCUSDT,58100.02,58589.1,55450.11,57351.56,48564.470274,2774223129.62381,1773546
1616198400000,2021-03-20,BTCUSDT,58030.01,59880.0,57820.17,58102.28,44476.941776,2616535093.051585,1724131
1616112000000,2021-03-19,BTCUSDT,57641.0,59468.0,56270.74,58030.01,52392.652961,3052711147.9349246,1885830
1616025600000,2021-03-18,BTCUSDT,58912.97,60129.97,57023.0,57648.16,66580.406675,3900885761.2128057,2040947
1615939200000,2021-03-17,BTCUSDT,56900.74,58974.73,54123.69,58912.97,70421.620841,3960992972.1542916,2204296
1615852800000,2021-03-16,BTCUSDT,55605.2,56938.29,53271.34,56900.75,77986.694355,4304259207.645101,2241208
1615766400000,2021-03-15,BTCUSDT,58976.08,60633.43,54600.0,55605.2,102771.427298,5874241052.093372,2683815
1615680000000,2021-03-14,BTCUSDT,61188.38,61724.79,58966.78,58968.31,52601.05275,3176397573.8846426,1829769
1615593600000,2021-03-13,BTCUSDT,57221.72,61844.0,56078.23,61188.39,83245.091346,4933383453.245977,2559002
1615507200000,2021-03-12,BTCUSDT,57773.15,58081.51,54962.84,57221.72,73405.406047,4162054726.378839,2489931
1615420800000,2021-03-11,BTCUSDT,55851.59,58150.0,54272.82,57773.16,81914.812859,4612366201.00222,2509970
1615334400000,2021-03-10,BTCUSDT,54874.67,57387.69,53005.0,55851.59,84749.238943,4700197563.359213,2647284
1615248000000,2021-03-09,BTCUSDT,52375.18,54895.0,51789.41,54884.5,71656.737076,3861450964.6549044,2194398
1615161600000,2021-03-08,BTCUSDT,50959.11,52402.78,49274.67,52375.17,66987.359664,3400847931.036074,1999401
1615075200000,2021-03-07,BTCUSDT,48882.2,51450.03,48882.2,50971.75,55235.028032,2778875909.4491262,1758101
1614988800000,2021-03-06,BTCUSDT,48746.81,49200.0,47070.0,48882.2,44399.234242,2143910705.2915034,1476474
1614902400000,2021-03-05,BTCUSDT,48374.09,49448.93,46300.0,48751.71,78192.496372,3727133104.837311,2054216
1614816000000,2021-03-04,BTCUSDT,50349.37,51773.88,47500.0,48374.09,82649.716829,4079837240.8567615,2291936
1614729600000,2021-03-03,BTCUSDT,48436.61,52640.0,48100.71,50349.37,81035.913705,4109521257.5407,2242131
1614643200000,2021-03-02,BTCUSDT,49595.76,50200.0,47047.6,48440.65,64221.06214,3120472069.909453,1855583
1614556800000,2021-03-01,BTCUSDT,45134.11,49790.0,44950.53,49587.03,85086.111648,4057515794.865728,2147223
1614470400000,2021-02-28,BTCUSDT,46103.67,46638.46,43000.0,45135.66,83055.369042,3708359965.4545803,1838345
1614384000000,2021-02-27,BTCUSDT,46276.88,48394.0,45000.0,46106.43,66060.834292,3105897438.550972,1757720
1614297600000,2021-02-26,BTCUSDT,47073.73,48424.11,44106.78,46276.87,109423.200663,5086374532.734615,2371766
1614211200000,2021-02-25,BTCUSDT,49676.21,52041.73,46674.34,47073.73,83310.673121,4152188728.1416154,2305679
1614124800000,2021-02-24,BTCUSDT,48891.0,51374.99,46988.69,49676.2,91881.209252,4574033001.379536,2194532
1614038400000,2021-02-23,BTCUSDT,54087.67,54183.59,44892.56,48891.0,169375.025051,8215839131.243385,3825196
1613952000000,2021-02-22,BTCUSDT,57412.35,57508.47,47622.0,54087.67,134019.434944,7213386720.436797,3313083
1613865600000,2021-02-21,BTCUSDT,55841.19,58352.8,55477.59,57408.57,58166.708511,3317998263.3478885,1950533
1613779200000,2021-02-20,BTCUSDT,55906.0,57700.46,53863.93,55841.19,80948.205314,4551890859.8512745,2642846
1613692800000,2021-02-19,BTCUSDT,51552.61,56368.0,50710.2,55906.0,79659.77802,4251167827.6842465,2339215
1613606400000,2021-02-18,BTCUSDT,52117.67,52530.0,50901.9,51552.6,60758.046954,3149973077.4874654,1891592
1613520000000,2021-02-17,BTCUSDT,49133.45,52618.74,48947.0,52119.71,85743.637818,4365831514.815297,2514374
1613433600000,2021-02-16,BTCUSDT,47911.1,50689.18,47003.62,49133.45,88813.266298,4349983777.692368,2199849
1613347200000,2021-02-15,BTCUSDT,48580.47,49010.92,45570.79,47911.1,79398.156784,3782219060.664722,2313155
1613260800000,2021-02-14,BTCUSDT,47156.78,49707.43,47014.17,48577.79,73735.475533,3584808348.834733,2090070
1613174400000,2021-02-13,BTCUSDT,47298.15,48150.0,46202.53,47153.69,63768.097399,3007710147.41816,2058823
1613088000000,2021-02-12,BTCUSDT,47968.66,48985.8,46125.0,47287.6,85870.035697,4080571908.9676614,2418841
1613001600000,2021-02-11,BTCUSDT,44807.58,48678.9,43994.02,47969.51,89561.081454,4185630934.4108953,2570949
1612915200000,2021-02-10,BTCUSDT,46420.42,47310.0,43727.0,44807.58,97154.1822,4431650130.251104,2891592
1612828800000,2021-02-09,BTCUSDT,46374.86,48142.19,44961.09,46420.42,115499.861712,5386255398.017187,3119034
1612742400000,2021-02-08,BTCUSDT,38795.69,46794.45,37988.89,46374.87,138597.536914,5881536976.635699,3230961
1612656000000,2021-02-07,BTCUSDT,39181.01,39700.0,37351.0,38795.69,84363.679763,3256521384.2406106,1976357
1612569600000,2021-02-06,BTCUSDT,38289.32,40955.51,38215.94,39186.94,98757.311183,3922095148.92815,2291646
1612483200000,2021-02-05,BTCUSDT,36936.65,38310.12,36570.0,38290.24,66681.334275,2509278291.7515864,1853253
1612396800000,2021-02-04,BTCUSDT,37620.26,38708.27,36161.95,36936.66,92080.735898,3452669022.153292,2211866
1612310400000,2021-02-03,BTCUSDT,35472.71,37662.63,35362.38,37618.87,80784.333663,2951232788.1843047,1881740
1612224000000,2021-02-02,BTCUSDT,33517.09,35984.33,33418.0,35466.24,78056.65988,2716321896.3176084,1789672
1612137600000,2021-02-01,BTCUSDT,33092.97,34717.27,32296.16,33526.37,82718.276882,2791776658.0056057,1810492
1612051200000,2021-01-31,BTCUSDT,34262.89,34342.69,32171.67,33092.98,68742.280384,2289641045.7580123,1707064
1611964800000,2021-01-30,BTCUSDT,34246.28,34933.0,32825.0,34262.88,84889.68134,2884500062.938079,2201040
1611878400000,2021-01-29,BTCUSDT,33368.18,38531.9,31915.4,34252.2,231827.005626,8195593336.228466,4403349
1611792000000,2021-01-28,BTCUSDT,30362.19,33783.98,29842.1,33364.86,92621.145617,2953553214.065682,2060660
1611705600000,2021-01-27,BTCUSDT,32464.01,32557.29,29241.72,30366.15,95911.961711,2958081421.641559,2065953
1611619200000,2021-01-26,BTCUSDT,32254.19,32921.88,30837.37,32467.77,84972.20691,2708545364.494641,2010392
1611532800000,2021-01-25,BTCUSDT,32259.45,34875.0,31910.0,32254.2,88499.226921,2958759288.5635686,2106548
1611446400000,2021-01-24,BTCUSDT,32078.0,33071.0,30900.0,32259.9,57978.037966,1864609665.3657017,1528287
1611360000000,2021-01-23,BTCUSDT,32950.0,33456.0,31390.16,32078.0,64595.287675,2089098295.758437,1700056
1611273600000,2021-01-22,BTCUSDT,30851.99,33826.53,28850.0,32945.17,142971.684049,4483295872.022273,2707810
1611187200000,2021-01-21,BTCUSDT,35468.23,35600.0,30071.0,30850.13,131803.182926,4281220573.9354296,2820752
1611100800000,2021-01-20,BTCUSDT,35901.94,36415.31,33400.0,35468.23,89368.422918,3126721093.520776,2234539
1611014400000,2021-01-19,BTCUSDT,36622.46,37850.0,35844.06,35891.49,79611.307769,2935348499.344214,1939371
1610928000000,2021-01-18,BTCUSDT,35824.99,37469.83,34800.0,36631.27,70698.11875,2554843260.524399,1707766
1610841600000,2021-01-17,BTCUSDT,35994.98,36852.5,33850.0,35828.61,80157.727384,2843103040.240664,1860642
1610755200000,2021-01-16,BTCUSDT,36737.43,37950.0,35357.8,35994.98,86348.431508,3178840336.1492844,2066363
1610668800000,2021-01-15,BTCUSDT,39145.21,39747.76,34408.0,36742.22,118300.920916,4371588898.681637,2560801
1610582400000,2021-01-14,BTCUSDT,37371.38,40100.0,36701.23,39144.5,102950.389421,3974826638.1450887,2297466
1610496000000,2021-01-13,BTCUSDT,34049.15,37850.0,32380.0,37371.38,124477.914938,4322876606.419625,2514289
1610409600000,2021-01-12,BTCUSDT,35410.37,36628.0,32531.0,34051.24,133948.151996,4651302423.484116,2674145
1610323200000,2021-01-11,BTCUSDT,38150.02,38264.74,30420.0,35404.47,249131.539943,8426879770.740009,4431451
1610236800000,2021-01-10,BTCUSDT,40088.22,41350.0,35111.11,38150.02,118209.544503,4604034729.507071,2628050
1610150400000,2021-01-09,BTCUSDT,40586.96,41380.0,38720.0,40088.22,75785.979675,3054779029.1617765,1998156
1610064000000,2021-01-08,BTCUSDT,39432.48,41950.0,36500.0,40582.81,139789.957499,5568443208.731365,2925632
1609977600000,2021-01-07,BTCUSDT,36769.36,40365.0,36300.0,39432.28,132825.700437,5062569943.383372,2814686
1609891200000,2021-01-06,BTCUSDT,33949.53,36939.21,33288.0,36769.36,127139.20131,4431954248.519615,2591783
1609804800000,2021-01-05,BTCUSDT,31989.75,34360.0,29900.0,33949.53,116049.997038,3743617144.6469154,2526851
1609718400000,2021-01-04,BTCUSDT,33000.05,33600.0,28130.0,31988.71,140899.88569,4429010349.695345,2642408
1609632000000,2021-01-03,BTCUSDT,32176.45,34778.11,31962.99,33000.05,120957.56675,4057598425.492016,2369698
1609545600000,2021-01-02,BTCUSDT,29331.7,33300.0,28946.53,32178.33,129993.873362,4073842163.6715403,2245922
1609459200000,2021-01-01,BTCUSDT,28923.63,29600.0,28624.57,29331.69,54182.925011,1582526989.1618726,1314910
1609372800000,2020-12-31,BTCUSDT,28875.55,29300.0,27850.0,28923.63,75508.505152,2173600125.4200735,1552793
1609286400000,2020-12-30,BTCUSDT,27385.0,28996.0,27320.0,28875.54,95356.057826,2683953237.460271,1916095
1609200000000,2020-12-29,BTCUSDT,27079.42,27410.0,25880.0,27385.0,69411.592606,1851617219.7682343,1605166
1609113600000,2020-12-28,BTCUSDT,26281.54,27500.0,26101.0,27079.41,79721.742496,2151806808.5743523,1508204
1609027200000,2020-12-27,BTCUSDT,26493.4,28422.0,25700.0,26281.66,148455.586214,4028928683.882025,2438493
1608940800000,2020-12-26,BTCUSDT,24712.47,26867.03,24500.0,26493.39,97806.513386,2496533065.175581,1735574
1608854400000,2020-12-25,BTCUSDT,23728.99,24789.86,23433.6,24712.47,79519.943569,1919766316.667737,1504426
1608768000000,2020-12-24,BTCUSDT,23232.39,23794.43,22703.42,23729.2,69013.834252,1602394244.0767715,1421257
1608681600000,2020-12-23,BTCUSDT,23810.79,24100.0,22600.0,23232.76,119047.259733,2797688007.071879,2194611
1608595200000,2020-12-22,BTCUSDT,22719.88,23837.1,22353.4,23810.79,87033.12616,2010758620.2435267,1496277
1608508800000,2020-12-21,BTCUSDT,23455.54,24102.77,21815.0,22719.71,88030.297243,2035446293.9289708,1593949
1608422400000,2020-12-20,BTCUSDT,23821.6,24295.0,23060.0,23455.52,76690.145685,1810862074.7303078,1743225
1608336000000,2020-12-19,BTCUSDT,23107.39,24171.47,22750.0,23821.61,86045.064677,2018969878.8868675,1678611
1608249600000,2020-12-18,BTCUSDT,22797.15,23285.18,22350.0,23107.39,79646.134315,1820875361.2945979,1613775
1608163200000,2020-12-17,BTCUSDT,21335.52,23800.0,21230.0,22797.16,184882.476748,4196645567.4258766,2795084
1608076800000,2020-12-16,BTCUSDT,19426.43,21560.0,19278.6,21335.52,114306.33557,2325135958.6418405,1659135
1607990400000,2020-12-15,BTCUSDT,19273.69,19570.0,19050.0,19426.43,61834.366011,1196361527.9258018,1046423
1607904000000,2020-12-14,BTCUSDT,19174.99,19349.0,19000.0,19273.14,47257.201294,906101687.739595,842382
1607817600000,2020-12-13,BTCUSDT,18808.69,19411.0,18711.12,19174.99,56560.821744,1083520569.0948539,938022
1607731200000,2020-12-12,BTCUSDT,18036.53,18948.66,18020.7,18808.69,49519.978432,915552835.9061832,891810
1607644800000,2020-12-11,BTCUSDT,18254.81,18292.73,17572.33,18036.53,72610.724259,1301081647.3079,1117810
1607558400000,2020-12-10,BTCUSDT,18541.29,18557.32,17911.12,18254.63,52890.675094,966149529.000607,891151
1607472000000,2020-12-09,BTCUSDT,18324.11,18639.57,17650.0,18541.28,79585.553801,1450130664.0645843,1302476
1607385600000,2020-12-08,BTCUSDT,19166.9,19294.84,18200.0,18324.11,61626.947614,1160658077.404659,1143181
1607299200000,2020-12-07,BTCUSDT,19358.67,19420.91,18902.88,19166.9,41372.296293,793517668.6839459,840954
1607212800000,2020-12-06,BTCUSDT,19147.66,19420.0,18857.0,19359.4,37043.091861,709558933.5829058,820382
1607126400000,2020-12-05,BTCUSDT,18650.51,19177.0,18500.0,19147.66,42922.748573,813445434.1308142,932124
1607040000000,2020-12-04,BTCUSDT,19422.34,19527.0,18565.31,18650.52,71283.6682,1358079975.025498,1286657
1606953600000,2020-12-03,BTCUSDT,19204.08,19598.0,18867.2,19421.9,66689.391279,1286548310.8267057,1242229
1606867200000,2020-12-02,BTCUSDT,18764.96,19342.0,18330.0,19204.09,75911.013478,1436895344.8259497,1566635
1606780800000,2020-12-01,BTCUSDT,19695.87,19888.0,18001.12,18764.96,127698.762652,2446070334.8287983,2023802
1606694400000,2020-11-30,BTCUSDT,18185.0,19863.16,18184.99,19695.87,115463.466888,2205929119.505336,1744149
1606608000000,2020-11-29,BTCUSDT,17719.84,18360.05,17517.0,18184.99,55329.016303,996743798.8649216,1141289
1606521600000,2020-11-28,BTCUSDT,17139.53,17880.49,16865.56,17719.85,64910.69997,1128061605.107225,1209385
1606435200000,2020-11-27,BTCUSDT,17149.47,17457.62,16438.08,17139.52,85297.024787,1446670351.435088,1572299
1606348800000,2020-11-26,BTCUSDT,18718.83,18915.03,16188.0,17149.47,181005.246693,3127314143.1045747,2770483
1606262400000,2020-11-25,BTCUSDT,19160.0,19484.21,18500.27,18719.11,93266.576887,1774870796.288233,1785408
1606176000000,2020-11-24,BTCUSDT,18368.01,19418.97,18018.0,19160.01,113581.509241,2145301450.4579408,2179862
1606089600000,2020-11-23,BTCUSDT,18413.88,18766.0,18000.0,18368.0,82961.506093,1529064319.6694436,1629379
1606003200000,2020-11-22,BTCUSDT,18703.8,18750.0,17610.86,18414.43,81645.737778,1497662550.0540428,1528524
1605916800000,2020-11-21,BTCUSDT,18655.66,18965.9,18308.58,18703.8,75577.458394,1413641591.284171,1451352
1605830400000,2020-11-20,BTCUSDT,17802.81,18815.22,17740.04,18655.67,88423.018489,1623135138.5910714,1444692
1605744000000,2020-11-19,BTCUSDT,17777.75,18179.8,17335.65,17802.82,93009.561008,1656794228.8537636,1513304
1605657600000,2020-11-18,BTCUSDT,17659.38,18476.93,17214.45,17776.12,149019.788134,2663337935.500298,2091832
1605571200000,2020-11-17,BTCUSDT,16713.08,17858.82,16538.0,17659.38,115221.403102,1982752071.450512,1646652
1605484800000,2020-11-16,BTCUSDT,15957.0,16880.0,15864.0,16713.57,81300.675924,1335728013.9057603,1202386
1605398400000,2020-11-15,BTCUSDT,16069.56,16180.0,15774.72,15957.0,43596.841513,696651729.7452534,854441
1605312000000,2020-11-14,BTCUSDT,16320.04,16326.99,15670.0,16070.45,59116.347179,944765868.609419,931424
1605225600000,2020-11-13,BTCUSDT,16291.85,16480.0,15952.35,16320.7,75691.881014,1230358611.1248894,1208773
1605139200000,2020-11-12,BTCUSDT,15684.25,16340.7,15440.64,16291.86,102196.356592,1628755508.6741984,1472049
1605052800000,2020-11-11,BTCUSDT,15297.21,15965.0,15272.68,15684.24,78469.746458,1226425496.3618553,1247167
1604966400000,2020-11-10,BTCUSDT,15328.41,15460.0,15072.46,15297.21,61681.919606,943615126.0891505,1093466
1604880000000,2020-11-09,BTCUSDT,15475.1,15840.0,14805.54,15328.41,108976.334134,1670447935.514179,1505441
1604793600000,2020-11-08,BTCUSDT,14818.3,15650.0,14703.88,15475.1,65547.178574,998031373.8397804,998773
1604707200000,2020-11-07,BTCUSDT,15579.93,15753.52,14344.22,14818.3,101431.206553,1536510177.0914736,1557021
1604620800000,2020-11-06,BTCUSDT,15590.02,15960.0,15166.0,15579.92,122618.197695,1909660728.8229203,1654968
1604534400000,2020-11-05,BTCUSDT,14144.01,15750.0,14093.56,15590.02,143741.522673,2131865609.2908912,1736055
1604448000000,2020-11-04,BTCUSDT,14023.53,14259.0,13525.0,14144.01,93016.988262,1293872665.4179618,1212959
1604361600000,2020-11-03,BTCUSDT,13549.63,14066.11,13284.99,14023.53,74115.630787,1009402087.7104616,1052569
1604275200000,2020-11-02,BTCUSDT,13761.49,13830.0,13195.05,13549.37,64566.421908,873629993.8313928,869850
1604188800000,2020-11-01,BTCUSDT,13791.0,13895.0,13603.0,13761.5,36285.648526,499124369.0753264,606248
1604102400000,2020-10-31,BTCUSDT,13560.1,14100.0,13411.5,13791.0,67339.238515,927048458.5423617,1022202
1604016000000,2020-10-30,BTCUSDT,13455.69,13669.98,13115.0,13560.1,70657.778881,946818817.5575091,1060387
1603929600000,2020-10-29,BTCUSDT,13266.4,13642.91,12920.77,13455.7,74872.602132,997867948.8609744,1008433
1603843200000,2020-10-28,BTCUSDT,13636.16,13859.48,12888.0,13266.4,94440.561226,1263487952.9951568,1234511
1603756800000,2020-10-27,BTCUSDT,13052.15,13789.29,13019.87,13636.17,80796.553996,1085214437.7511137,1003550
1603670400000,2020-10-26,BTCUSDT,13029.64,13238.81,12765.0,13052.19,60951.672986,794395722.4533454,818144
1603584000000,2020-10-25,BTCUSDT,13111.73,13350.0,12888.0,13028.83,38481.579504,502672049.2290516,610498
1603497600000,2020-10-24,BTCUSDT,12923.06,13166.73,12870.0,13111.73,35952.20907,468299521.7696653,536821
1603411200000,2020-10-23,BTCUSDT,12968.84,13027.69,12720.08,12923.07,50386.999841,650680239.1101469,699313
1603324800000,2020-10-22,BTCUSDT,12780.75,13185.0,12678.08,12968.52,70038.824144,905778888.8702905,1035811
1603238400000,2020-10-21,BTCUSDT,11910.0,13217.68,11886.95,12780.96,114584.456767,1437122186.6339955,1453620
1603152000000,2020-10-20,BTCUSDT,11751.46,12038.38,11677.59,11909.99,62134.750663,737425592.0819716,906111
1603065600000,2020-10-19,BTCUSDT,11503.14,11823.99,11407.96,11751.47,47414.534692,550728683.7992793,650960
1602979200000,2020-10-18,BTCUSDT,11360.31,11505.0,11346.22,11503.14,23284.041191,266150824.34809864,346946
1602892800000,2020-10-17,BTCUSDT,11319.24,11402.42,11255.0,11360.2,22368.915241,253582775.96265447,365973
1602806400000,2020-10-16,BTCUSDT,11505.13,11541.15,11200.0,11319.32,48797.749502,553211001.6122569,693210
1602720000000,2020-10-15,BTCUSDT,11417.89,11617.34,11250.83,11505.12,48760.717679,556436445.5576282,662386
1602633600000,2020-10-14,BTCUSDT,11420.57,11547.98,11280.0,11417.89,41415.106015,472007015.72093433,590025
1602547200000,2020-10-13,BTCUSDT,11528.24,11557.0,11300.0,11420.56,42205.283709,482663390.72403574,618262
1602460800000,2020-10-12,BTCUSDT,11369.02,11720.01,11172.0,11528.25,52825.28371,604779845.7920177,740823
1602374400000,2020-10-11,BTCUSDT,11293.22,11445.0,11221.0,11369.02,29043.851339,329927755.03808504,509714
1602288000000,2020-10-10,BTCUSDT,11050.64,11491.0,11050.51,11293.22,43648.036943,494785212.2308736,698561
1602201600000,2020-10-09,BTCUSDT,10925.44,11104.64,10829.0,11050.64,48240.073237,530822321.51623464,635681
1602115200000,2020-10-08,BTCUSDT,10666.4,10950.0,10530.41,10925.57,51959.691572,559311760.4414803,659291
1602028800000,2020-10-07,BTCUSDT,10599.65,10681.87,10546.17,10666.39,32811.990279,348298562.85686266,503440
1601942400000,2020-10-06,BTCUSDT,10792.2,10800.0,10525.0,10599.66,48674.740471,520051256.0821992,734526
1601856000000,2020-10-05,BTCUSDT,10666.62,10798.0,10615.64,10792.21,34025.761653,364158510.23798054,483340
1601769600000,2020-10-04,BTCUSDT,10542.07,10696.87,10517.87,10666.63,23212.001595,246252050.90681073,377553
1601683200000,2020-10-03,BTCUSDT,10570.4,10603.56,10496.46,10542.06,22298.221341,235160884.60853615,381329
1601596800000,2020-10-02,BTCUSDT,10619.13,10664.64,10374.0,10570.4,50130.393705,526864379.3093653,777193
1601510400000,2020-10-01,BTCUSDT,10776.59,10920.0,10437.0,10619.13,60866.332893,652168989.4617349,794855
1601424000000,2020-09-30,BTCUSDT,10840.58,10849.34,10665.13,10776.59,39596.027322,425279696.28526336,595383
1601337600000,2020-09-29,BTCUSDT,10696.11,10867.54,10635.87,10840.48,41874.898399,449345822.46022886,587576
1601251200000,2020-09-28,BTCUSDT,10774.26,10950.0,10626.0,10696.12,50095.251734,544463219.5978093,686664
1601164800000,2020-09-27,BTCUSDT,10728.59,10799.0,10594.82,10774.25,30549.483253,327169249.4549957,516004
1601078400000,2020-09-26,BTCUSDT,10686.57,10820.94,10644.68,10728.6,28420.836659,304511477.68085533,502670
1600992000000,2020-09-25,BTCUSDT,10736.33,10760.53,10556.24,10686.67,48101.117008,512647249.14932007,733430
1600905600000,2020-09-24,BTCUSDT,10241.46,10795.24,10190.93,10736.32,57676.619427,604520870.055638,789282
1600819200000,2020-09-23,BTCUSDT,10529.61,10537.15,10136.82,10241.46,51876.568079,539362015.157462,774391
1600732800000,2020-09-22,BTCUSDT,10417.22,10572.71,10353.0,10529.61,43991.235476,460362500.7284081,738576
1600646400000,2020-09-21,BTCUSDT,10920.28,10988.86,10296.35,10417.22,70683.431179,751020795.2358837,1028531
1600560000000,2020-09-20,BTCUSDT,11080.64,11080.64,10723.0,10920.28,39157.922565,426815210.75551224,646329
1600473600000,2020-09-19,BTCUSDT,10933.4,11179.79,10887.37,11080.65,38440.036858,423651901.1577304,620127
1600387200000,2020-09-18,BTCUSDT,10940.0,11038.03,10812.84,10933.39,47266.728275,516147935.6692284,717371
1600300800000,2020-09-17,BTCUSDT,10954.01,11045.46,10745.83,10939.99,55601.614529,605010288.7799246,829137
1600214400000,2020-09-16,BTCUSDT,10785.23,11093.0,10661.22,10954.01,64991.51244,708644989.4830699,884153
1600128000000,2020-09-15,BTCUSDT,10671.77,10930.04,10606.48,10785.31,61822.452786,666457161.1491377,893852
1600041600000,2020-09-14,BTCUSDT,10332.84,10750.0,10212.34,10671.77,67059.291361,706175591.3866128,828957
1599955200000,2020-09-13,BTCUSDT,10440.67,10580.11,10200.0,10332.83,43837.609865,455338605.3291489,692439
1599868800000,2020-09-12,BTCUSDT,10387.89,10477.97,10269.25,10440.92,35379.153096,366912671.4437269,577724
1599782400000,2020-09-11,BTCUSDT,10336.86,10397.6,10200.0,10387.89,43830.254467,451241002.66033614,637869
1599696000000,2020-09-10,BTCUSDT,10219.29,10483.35,10070.83,10336.87,58253.75375,602390078.4922807,851877
1599609600000,2020-09-09,BTCUSDT,10126.66,10343.0,9981.01,10219.2,49347.113776,503082625.2147909,755560
1599523200000,2020-09-08,BTCUSDT,10373.45,10438.0,9850.0,10126.65,73491.878418,742947901.9712393,1048125
1599436800000,2020-09-07,BTCUSDT,10255.89,10410.75,9875.0,10373.44,62620.230676,634278537.8151095,927363
1599350400000,2020-09-06,BTCUSDT,10166.69,10347.14,9994.86,10256.2,56368.788815,574903000.2351745,1053192
1599264000000,2020-09-05,BTCUSDT,10446.25,10565.68,9825.0,10166.69,90001.605568,917578408.8761182,1476782
1599177600000,2020-09-04,BTCUSDT,10138.29,10627.05,9875.5,10446.25,92733.599113,959925718.3512753,1434860
1599091200000,2020-09-03,BTCUSDT,11388.54,11462.6,9960.8,10140.85,121950.106015,1325106403.3158674,1611610
1599004800000,2020-09-02,BTCUSDT,11921.97,11954.57,11160.1,11388.54,87221.845602,1005391012.1338753,1373524
1598918400000,2020-09-01,BTCUSDT,11649.51,12050.85,11515.0,11921.97,78148.193668,928047313.4889666,1321492
1598832000000,2020-08-31,BTCUSDT,11711.17,11800.77,11570.0,11649.51,55353.617744,646723855.5714536,822062
1598745600000,2020-08-30,BTCUSDT,11465.84,11719.0,11458.0,11711.16,43177.879054,501375342.93503886,756541
1598659200000,2020-08-29,BTCUSDT,11526.9,11580.02,11417.04,11465.84,32973.7992,379228275.2707224,611834
1598572800000,2020-08-28,BTCUSDT,11330.38,11542.65,11276.89,11526.91,45953.908365,525606229.654251,719985
1598486400000,2020-08-27,BTCUSDT,11461.42,11592.2,11125.0,11330.38,63246.036383,717474981.6640126,959270
1598400000000,2020-08-26,BTCUSDT,11318.42,11539.32,11244.0,11461.43,53998.231231,615452789.9673375,862654
1598313600000,2020-08-25,BTCUSDT,11748.19,11767.85,11117.64,11318.42,69590.923272,797034671.6452801,996668
1598227200000,2020-08-24,BTCUSDT,11648.12,11824.9,11585.09,11748.2,46212.391867,542298951.538298,656584
1598140800000,2020-08-23,BTCUSDT,11663.51,11718.07,11514.13,11648.13,37900.00469,440406018.65187865,627352
1598054400000,2020-08-22,BTCUSDT,11531.23,11686.0,11376.81,11662.96,43678.701646,504305451.410864,809328
1597968000000,2020-08-21,BTCUSDT,11853.54,11878.0,11485.81,11531.34,64448.306142,755451999.6540914,1189668
1597881600000,2020-08-20,BTCUSDT,11754.38,11888.0,11668.0,11853.55,46085.254351,543576025.0485107,798027
1597795200000,2020-08-19,BTCUSDT,11945.1,12020.08,11561.0,11754.59,73940.169606,870612801.5295693,1258060
1597708800000,2020-08-18,BTCUSDT,12281.15,12387.77,11817.93,11945.01,75923.835527,920402307.1768104,1189390
1597622400000,2020-08-17,BTCUSDT,11910.99,12468.0,11769.78,12281.13,84734.21154,1026883452.894772,1210228
1597536000000,2020-08-16,BTCUSDT,11852.4,11931.72,11686.0,11911.0,41368.236906,489731524.6369436,790240
1597449600000,2020-08-15,BTCUSDT,11760.55,11980.0,11680.0,11852.4,56237.90505,667446824.0641296,1018956
1597363200000,2020-08-14,BTCUSDT,11779.77,11850.0,11634.03,11760.54,59818.852697,702273220.6964157,1011746
1597276800000,2020-08-13,BTCUSDT,11564.34,11792.96,11270.36,11780.0,70132.491502,809611114.2132485,1243382
1597190400000,2020-08-12,BTCUSDT,11392.09,11617.52,11150.0,11564.33,64909.613644,743303608.0999826,1104096
1597104000000,2020-08-11,BTCUSDT,11892.9,11935.0,11125.0,11392.08,90748.284634,1049615697.1379416,1343979
1597017600000,2020-08-10,BTCUSDT,11681.69,12067.35,11450.0,11892.92,84952.337887,1009169063.3832128,1340835
1596931200000,2020-08-09,BTCUSDT,11761.02,11797.11,11521.97,11681.68,41493.067342,483708602.8963804,853386
1596844800000,2020-08-08,BTCUSDT,11594.36,11808.27,11512.0,11761.41,41858.16104,489087264.3602809,779318
1596758400000,2020-08-07,BTCUSDT,11762.47,11909.94,11322.0,11594.23,65755.926022,767005529.2821208,940045
1596672000000,2020-08-06,BTCUSDT,11744.91,11900.0,11562.5,11762.46,63529.08502,746479211.7155949,919918
1596585600000,2020-08-05,BTCUSDT,11191.99,11780.93,11093.0,11744.91,74970.256852,861433645.4244397,964637
1596499200000,2020-08-04,BTCUSDT,11219.68,11414.98,11000.0,11191.97,58629.113709,658084242.6797222,863692
1596412800000,2020-08-03,BTCUSDT,11071.36,11473.0,10936.0,11219.81,56931.841475,641127593.2614517,919185
1596326400000,2020-08-02,BTCUSDT,11801.17,12123.46,10518.5,11071.35,97553.077604,1105757335.5281618,1459900
1596240000000,2020-08-01,BTCUSDT,11335.46,11861.0,11220.0,11801.17,85087.485126,987817017.3186324,1174252
1596153600000,2020-07-31,BTCUSDT,11099.79,11444.0,10960.0,11335.46,70063.660974,786344325.8552314,971584
1596067200000,2020-07-30,BTCUSDT,11100.52,11170.0,10831.0,11099.61,60794.826456,669779541.8872833,879960
1595980800000,2020-07-29,BTCUSDT,10906.27,11342.82,10812.0,11100.53,76838.094233,853242253.6158236,1127302
1595894400000,2020-07-28,BTCUSDT,11029.96,11242.23,10565.0,10906.27,97267.734187,1065375500.1891888,1475636
1595808000000,2020-07-27,BTCUSDT,9931.54,11394.86,9917.21,11029.96,150188.933144,1580355372.0991797,1901088
1595721600000,2020-07-26,BTCUSDT,9700.42,10111.0,9650.0,9931.54,65279.269319,644607634.4817771,945611
1595635200000,2020-07-25,BTCUSDT,9538.1,9732.9,9513.0,9700.42,40679.545416,391431695.7168218,675222
1595548800000,2020-07-24,BTCUSDT,9603.27,9637.0,9463.44,9537.8,43931.136205,419240263.5218282,677725
1595462400000,2020-07-23,BTCUSDT,9518.16,9664.0,9440.33,9603.27,51856.2335,494282948.7336824,735371
1595376000000,2020-07-22,BTCUSDT,9390.0,9544.0,9261.0,9518.16,48815.004107,457776105.6155714,663029
1595289600000,2020-07-21,BTCUSDT,9160.78,9437.73,9152.8,9390.0,60413.582486,563360524.7994282,782959
1595203200000,2020-07-20,BTCUSDT,9208.99,9221.52,9131.0,9160.78,35458.764082,325297289.27265835,557096
1595116800000,2020-07-19,BTCUSDT,9170.3,9232.27,9101.35,9208.99,26052.019417,238521988.0313255,440449
1595030400000,2020-07-18,BTCUSDT,9154.31,9219.3,9121.1,9170.28,22554.541457,206628105.36278892,430377
1594944000000,2020-07-17,BTCUSDT,9133.72,9186.83,9089.81,9154.32,28054.358741,256360345.57676795,470991
1594857600000,2020-07-16,BTCUSDT,9197.6,9226.15,9047.25,9133.72,43375.571191,395883667.0248003,681807
1594771200000,2020-07-15,BTCUSDT,9255.85,9276.49,9160.57,9197.6,39053.579665,360201683.49480516,554780
1594684800000,2020-07-14,BTCUSDT,9242.61,9279.54,9113.0,9255.85,45772.552509,421789086.45494735,613139
1594598400000,2020-07-13,BTCUSDT,9303.31,9343.82,9200.89,9242.62,42740.069115,396614086.7962699,642552
1594512000000,2020-07-12,BTCUSDT,9234.02,9345.0,9157.5,9302.75,30872.702286,285591381.4915314,484875
1594425600000,2020-07-11,BTCUSDT,9288.34,9299.28,9178.25,9234.03,22561.366,208410250.50959367,413452
1594339200000,2020-07-10,BTCUSDT,9232.42,9317.48,9125.0,9288.34,38295.494006,352238898.7694825,525484
1594252800000,2020-07-09,BTCUSDT,9436.06,9440.79,9160.0,9232.43,48044.450645,447640493.54432976,575491
1594166400000,2020-07-08,BTCUSDT,9257.4,9470.0,9231.0,9436.06,56140.517781,525344876.6999235,652605
1594080000000,2020-07-07,BTCUSDT,9342.47,9379.42,9203.0,9257.39,34587.336678,320576525.3553498,433481
1593993600000,2020-07-06,BTCUSDT,9069.41,9375.0,9055.92,9344.2,54463.132277,502548376.20946366,533540
1593907200000,2020-07-05,BTCUSDT,9135.0,9145.24,8893.03,9069.41,34073.653627,308410443.6592152,384500
1593820800000,2020-07-04,BTCUSDT,9057.79,9190.0,9040.04,9135.46,26441.968484,240576054.91572312,335225
1593734400000,2020-07-03,BTCUSDT,9086.54,9125.0,9037.47,9058.26,28943.420177,263123750.4671724,343189
1593648000000,2020-07-02,BTCUSDT,9231.99,9261.96,8940.0,9086.54,45725.168076,417724468.8873568,470292
1593561600000,2020-07-01,BTCUSDT,9138.08,9292.0,9080.1,9232.0,38488.528699,354087627.1696612,374832
1593475200000,2020-06-30,BTCUSDT,9192.93,9205.0,9064.89,9138.55,31463.162801,287781334.51701576,328083
1593388800000,2020-06-29,BTCUSDT,9116.16,9238.0,9024.67,9192.56,42120.293261,384206326.4706804,434299
1593302400000,2020-06-28,BTCUSDT,9012.0,9191.0,8948.06,9116.35,30688.176421,278721674.9221112,374404
1593216000000,2020-06-27,BTCUSDT,9162.21,9196.24,8833.0,9012.0,46290.930113,419606802.23720133,499415
1593129600000,2020-06-26,BTCUSDT,9249.49,9298.0,9045.45,9162.21,50292.298277,461347064.8295031,510947
1593043200000,2020-06-25,BTCUSDT,9298.33,9340.0,9009.69,9249.49,55831.619156,514396747.4047828,536205
1592956800000,2020-06-24,BTCUSDT,9624.33,9670.0,9208.0,9296.49,61571.561464,579426702.7966821,572362
1592870400000,2020-06-23,BTCUSDT,9685.69,9720.0,9577.03,9624.89,41031.02938,395487616.460878,474319
1592784000000,2020-06-22,BTCUSDT,9294.69,9780.0,9277.09,9685.69,57895.468343,550995799.0694705,588704
1592697600000,2020-06-21,BTCUSDT,9358.95,9422.0,9281.54,9294.69,24316.926234,227467940.6102112,321015
1592611200000,2020-06-20,BTCUSDT,9310.23,9395.0,9170.95,9358.95,30329.065384,282120360.5567526,382778
1592524800000,2020-06-19,BTCUSDT,9386.32,9438.3,9215.79,9310.23,45330.983673,423086965.1927383,503484
1592438400000,2020-06-18,BTCUSDT,9465.13,9489.0,9280.0,9386.32,37381.953765,351649555.0725387,475074
1592352000000,2020-06-17,BTCUSDT,9526.97,9565.0,9236.61,9465.14,48046.411152,453209812.22578067,536158
1592265600000,2020-06-16,BTCUSDT,9426.05,9589.0,9373.09,9525.59,52052.446927,494458269.13979113,543481
1592179200000,2020-06-15,BTCUSDT,9342.1,9495.0,8910.45,9426.02,86107.924707,793518842.5509843,839521
1592092800000,2020-06-14,BTCUSDT,9473.34,9480.99,9245.0,9342.1,30055.506608,282131272.3800662,415568
1592006400000,2020-06-13,BTCUSDT,9464.96,9494.73,9351.0,9473.34,27759.784851,261673162.2584724,392763
1591920000000,2020-06-12,BTCUSDT,9278.88,9557.12,9232.51,9465.13,50119.066932,472007894.37567526,553203
1591833600000,2020-06-11,BTCUSDT,9885.22,9964.0,9113.0,9280.4,94418.98473,902075648.5453848,966502
1591747200000,2020-06-10,BTCUSDT,9772.44,9992.72,9704.18,9885.0,47130.762982,462384305.3511994,560909
1591660800000,2020-06-09,BTCUSDT,9782.0,9877.0,9570.0,9772.43,46024.001289,447208895.8386984,551863
1591574400000,2020-06-08,BTCUSDT,9746.99,9800.0,9633.0,9782.01,40664.664125,395459395.8213373,485139
1591488000000,2020-06-07,BTCUSDT,9666.85,9802.0,9372.46,9746.99,57952.848385,556919603.7915448,637766
1591401600000,2020-06-06,BTCUSDT,9621.17,9735.0,9531.05,9666.3,32752.950893,315604867.236149,435796
1591315200000,2020-06-05,BTCUSDT,9788.14,9854.75,9581.0,9621.16,47788.05005,465200788.2036338,566062
1591228800000,2020-06-04,BTCUSDT,9666.32,9881.63,9450.0,9789.06,57456.100969,557234945.6467389,665881
1591142400000,2020-06-03,BTCUSDT,9518.02,9690.0,9365.21,9666.24,46252.644939,441928818.0430156,562784
1591056000000,2020-06-02,BTCUSDT,10202.71,10228.99,9266.0,9518.04,108970.773151,1070060237.1302093,1004312
1590969600000,2020-06-01,BTCUSDT,9448.27,10380.0,9421.67,10200.77,76649.12696,749707596.6593573,826964
1590883200000,2020-05-31,BTCUSDT,9697.72,9700.0,9381.41,9448.27,48333.786403,461272298.85252047,651473
1590796800000,2020-05-30,BTCUSDT,9426.6,9740.0,9331.23,9697.72,55665.27254,530598690.0714505,651290
1590710400000,2020-05-29,BTCUSDT,9575.87,9605.26,9330.0,9427.07,57374.362961,542758086.6064701,593705
1590624000000,2020-05-28,BTCUSDT,9204.07,9625.47,9110.0,9575.89,74110.787662,693930106.1813825,738725
1590537600000,2020-05-27,BTCUSDT,8841.0,9225.0,8811.73,9204.07,68910.355514,624660855.7800369,662850
1590451200000,2020-05-26,BTCUSDT,8900.35,9017.67,8700.0,8841.18,58299.770138,516455128.890688,678304
1590364800000,2020-05-25,BTCUSDT,8718.14,8979.66,8642.72,8900.35,62833.910949,553545285.9140139,733557
1590278400000,2020-05-24,BTCUSDT,9179.01,9298.0,8700.0,8720.34,70379.86645,636787240.3733248,774088
1590192000000,2020-05-23,BTCUSDT,9170.0,9307.85,9070.0,9179.15,43526.296966,400407195.6289224,512460
1590105600000,2020-05-22,BTCUSDT,9067.51,9271.0,8933.52,9170.0,58943.131024,537847834.4967086,693694
1590019200000,2020-05-21,BTCUSDT,9511.43,9578.47,8815.0,9068.65,108928.780969,1002046265.9412595,951971
1589932800000,2020-05-20,BTCUSDT,9775.13,9842.0,9326.0,9511.43,74923.73809,721190802.7634026,731189
1589846400000,2020-05-19,BTCUSDT,9733.93,9897.21,9474.0,9775.53,78539.760454,760713946.0085461,773581
1589760000000,2020-05-18,BTCUSDT,9681.11,9950.0,9464.23,9733.93,82006.603583,797622297.3261682,794292
1589673600000,2020-05-17,BTCUSDT,9380.81,9888.0,9322.1,9680.04,68647.764323,663088800.815278,722718
1589587200000,2020-05-16,BTCUSDT,9315.96,9588.0,9220.0,9381.27,59587.627862,560547005.0259086,692028
1589500800000,2020-05-15,BTCUSDT,9791.97,9845.62,9150.0,9316.42,115890.761516,1099721375.8919055,1055630
1589414400000,2020-05-14,BTCUSDT,9309.35,9939.0,9256.76,9791.98,129565.37747,1247456797.8136663,1199530
1589328000000,2020-05-13,BTCUSDT,8810.99,9398.0,8792.99,9309.37,92466.274018,839725719.9602077,869216
1589241600000,2020-05-12,BTCUSDT,8562.04,8978.26,8528.78,8810.79,86522.780066,760195457.0509585,784859
1589155200000,2020-05-11,BTCUSDT,8722.77,9168.0,8200.0,8561.52,168807.251832,1468392820.7608035,1367382
1589068800000,2020-05-10,BTCUSDT,9539.1,9574.83,8117.0,8722.77,183865.182028,1594996476.9756367,1565771
1588982400000,2020-05-09,BTCUSDT,9800.02,9914.25,9520.0,9539.4,81950.679567,795001351.6797024,839384
1588896000000,2020-05-08,BTCUSDT,9986.3,10035.96,9705.0,9800.01,100683.7964,997005843.7404792,967816
1588809600000,2020-05-07,BTCUSDT,9143.4,10067.0,9021.0,9986.4,147154.611378,1409783462.006364,1254835
1588723200000,2020-05-06,BTCUSDT,9021.36,9395.0,8906.21,9142.92,105925.30242,972793508.4649074,1007661
1588636800000,2020-05-05,BTCUSDT,8871.92,9118.58,8760.0,9021.83,76480.765342,683083018.8779808,812543
1588550400000,2020-05-04,BTCUSDT,8894.15,8950.0,8522.0,8871.96,84418.512331,738343818.6939254,848802
1588464000000,2020-05-03,BTCUSDT,8972.58,9200.0,8712.0,8894.16,90126.065643,808427095.9321591,877460
1588377600000,2020-05-02,BTCUSDT,8825.67,9010.0,8753.0,8972.05,59002.08755,523838859.5442492,637884
1588291200000,2020-05-01,BTCUSDT,8620.0,9059.18,8613.56,8826.96,91468.815059,805640126.6308703,865960
1588204800000,2020-04-30,BTCUSDT,8778.58,9460.0,8401.0,8620.0,206277.214124,1839283907.4625196,1661554
1588118400000,2020-04-29,BTCUSDT,7738.58,8952.89,7710.05,8778.57,183546.887514,1536390177.0449488,1433128
1588032000000,2020-04-28,BTCUSDT,7773.51,7780.0,7659.12,7738.98,46302.752638,357391780.9307627,499414
1587945600000,2020-04-27,BTCUSDT,7693.1,7792.02,7606.0,7774.62,65441.339576,504025811.6512536,637800
1587859200000,2020-04-26,BTCUSDT,7539.03,7700.0,7480.0,7693.1,50522.616209,384202783.2747096,554480
1587772800000,2020-04-25,BTCUSDT,7505.0,7705.0,7431.07,7538.67,43874.427726,331292050.77197313,521943
1587686400000,2020-04-24,BTCUSDT,7483.96,7615.96,7388.0,7505.0,60182.119939,452118137.7940016,601093
1587600000000,2020-04-23,BTCUSDT,7125.12,7738.0,7020.0,7482.39,102773.569561,756320213.5858521,881099
1587513600000,2020-04-22,BTCUSDT,6841.36,7156.38,6818.0,7125.14,61486.377334,431271646.1755991,508659
1587427200000,2020-04-21,BTCUSDT,6828.98,6940.0,6762.0,6841.37,60109.710808,411800606.08159715,555797
1587340800000,2020-04-20,BTCUSDT,7121.4,7220.0,6751.0,6826.83,90149.49137,629612368.7476892,785174
1587254400000,2020-04-19,BTCUSDT,7248.6,7266.15,7055.6,7120.74,45664.86393,326485586.9317384,483574
1587168000000,2020-04-18,BTCUSDT,7026.78,7293.08,7014.4,7248.6,49488.542819,354845083.7761889,494670
1587081600000,2020-04-17,BTCUSDT,7101.99,7148.12,6972.98,7027.55,54126.509763,382334236.1694789,537554
1586995200000,2020-04-16,BTCUSDT,6621.25,7190.0,6468.27,7101.94,125009.857539,865277543.3946935,971163
1586908800000,2020-04-15,BTCUSDT,6868.57,6933.0,6605.0,6621.24,61571.384994,416947490.61569566,581374
1586822400000,2020-04-14,BTCUSDT,6838.04,6978.0,6754.28,6868.7,69068.623285,474794776.19211113,608665
1586736000000,2020-04-13,BTCUSDT,6903.79,6903.79,6575.0,6837.91,96415.476573,649390681.2485026,804179
1586649600000,2020-04-12,BTCUSDT,6876.84,7177.0,6780.0,6903.79,73868.666501,516235035.1865113,648323
1586563200000,2020-04-11,BTCUSDT,6858.92,6944.3,6760.0,6876.83,45470.293206,311699573.516674,484618
1586476800000,2020-04-10,BTCUSDT,7283.54,7295.75,6739.98,6858.92,104674.623375,727281590.7719399,949050
1586390400000,2020-04-09,BTCUSDT,7360.26,7371.92,7108.08,7283.54,61094.872417,444741085.9037586,686207
1586304000000,2020-04-08,BTCUSDT,7197.32,7420.0,7150.0,7361.28,76059.145838,555122600.275026,750516
1586217600000,2020-04-07,BTCUSDT,7329.9,7459.69,7077.0,7197.32,103585.168918,757201786.6976631,924436
1586131200000,2020-04-06,BTCUSDT,6772.78,7355.14,6765.0,7329.9,118052.000832,837357664.6519214,956586
1586044800000,2020-04-05,BTCUSDT,6857.41,6895.54,6677.52,6772.78,49685.356983,337062083.002028,506433
1585958400000,2020-04-04,BTCUSDT,6732.97,6990.41,6650.01,6856.99,72990.861139,495076283.5209042,659051
1585872000000,2020-04-03,BTCUSDT,6793.86,7048.0,6602.1,6734.1,104080.276939,710254017.100272,840456
1585785600000,2020-04-02,BTCUSDT,6643.36,7198.0,6551.0,6794.09,149299.906871,1014494762.4416423,1101043
1585699200000,2020-04-01,BTCUSDT,6412.14,6679.94,6150.11,6642.92,97500.7524,618527468.834164,758061
1585612800000,2020-03-31,BTCUSDT,6394.45,6523.23,6321.4,6410.44,72337.595259,465780496.6224872,538231
1585526400000,2020-03-30,BTCUSDT,5880.5,6599.0,5857.76,6394.38,118889.549992,747569726.4544197,784034
1585440000000,2020-03-29,BTCUSDT,6236.65,6266.0,5866.56,5881.42,63311.627714,383707122.50096285,496709
1585353600000,2020-03-28,BTCUSDT,6359.11,6360.0,6024.0,6236.65,93159.693429,577986706.1289365,725588
1585267200000,2020-03-27,BTCUSDT,6737.27,6842.59,6261.0,6359.11,82914.968354,551326113.8552039,643631
1585180800000,2020-03-26,BTCUSDT,6677.42,6780.0,6510.0,6737.36,83026.555211,552537189.4793514,668467
1585094400000,2020-03-25,BTCUSDT,6744.69,6957.96,6450.0,6677.43,132155.734989,880250736.9079887,912179
1585008000000,2020-03-24,BTCUSDT,6465.25,6833.0,6371.33,6744.72,151138.009878,1001890515.2399887,1012669
1584921600000,2020-03-23,BTCUSDT,5816.05,6600.0,5688.0,6467.31,164674.215785,1015525672.0743864,1099406
1584835200000,2020-03-22,BTCUSDT,6187.04,6407.87,5734.01,5816.19,119115.990527,722895653.5100614,952259
1584748800000,2020-03-21,BTCUSDT,6204.57,6456.98,5860.02,6186.98,128913.668363,794962136.6384171,990974
1584662400000,2020-03-20,BTCUSDT,6162.05,6900.0,5670.0,6208.36,219298.329514,1401734013.175202,1580069
1584576000000,2020-03-19,BTCUSDT,5393.26,6400.0,5252.53,6162.37,199020.873439,1164739707.514236,1403608
1584489600000,2020-03-18,BTCUSDT,5312.64,5436.17,5009.37,5393.04,137127.634894,719748122.45302,962843
1584403200000,2020-03-17,BTCUSDT,5028.86,5525.0,4921.45,5312.64,150089.926318,793147908.2684975,1069217
1584316800000,2020-03-16,BTCUSDT,5360.33,5365.42,4442.12,5028.97,227276.92276,1113690309.1015868,1608176
1584230400000,2020-03-15,BTCUSDT,5172.48,5940.0,5093.1,5361.3,139916.146534,753755706.4268771,1037714
1584144000000,2020-03-14,BTCUSDT,5576.05,5640.52,5055.13,5172.06,136910.135974,736651880.9210789,1106125
1584057600000,2020-03-13,BTCUSDT,4800.01,5955.0,3782.13,5578.6,402201.673764,2063819540.638995,2309830
1583971200000,2020-03-12,BTCUSDT,7934.58,7966.17,4410.0,4800.0,261505.608653,1628590104.222213,1770812
1583884800000,2020-03-11,BTCUSDT,7894.57,7980.0,7590.0,7934.52,79942.411172,624465167.3648188,699401
1583798400000,2020-03-10,BTCUSDT,7929.87,8149.0,7728.01,7894.56,86783.443875,689700153.4490932,737528
1583712000000,2020-03-09,BTCUSDT,8034.76,8179.31,7632.01,7929.87,116968.863268,918787729.0855838,929234
1583625600000,2020-03-08,BTCUSDT,8885.25,8886.76,8000.0,8033.31,77537.315166,656931544.7821604,740741
1583539200000,2020-03-07,BTCUSDT,9130.89,9188.0,8835.0,8886.66,45422.204525,409983263.789138,485400
1583452800000,2020-03-06,BTCUSDT,9054.64,9170.0,8985.5,9131.88,43782.948044,397598476.42056286,493216
1583366400000,2020-03-05,BTCUSDT,8750.99,9159.42,8746.54,9054.68,58201.866355,524102029.20478296,619552
1583280000000,2020-03-04,BTCUSDT,8760.07,8848.29,8660.0,8750.87,38696.482578,338849891.95293546,454817
1583193600000,2020-03-03,BTCUSDT,8911.18,8919.65,8651.0,8760.07,55154.997282,484181096.3229558,512762
1583107200000,2020-03-02,BTCUSDT,8530.3,8965.75,8498.0,8915.24,60401.31773,528906629.5628192,564535
1583020800000,2020-03-01,BTCUSDT,8523.61,8750.0,8411.0,8531.88,43892.201779,375729315.25408256,472019
1582934400000,2020-02-29,BTCUSDT,8690.8,8790.0,8523.55,8523.61,36748.183035,318585951.9885324,414175
1582848000000,2020-02-28,BTCUSDT,8823.25,8900.0,8445.0,8692.91,71155.208977,615664817.0103912,655727
1582761600000,2020-02-27,BTCUSDT,8786.0,8971.77,8531.0,8823.21,72483.578762,636955872.7625463,696646
1582675200000,2020-02-26,BTCUSDT,9316.48,9377.44,8633.63,8785.25,92130.345482,830717784.3790948,871018
1582588800000,2020-02-25,BTCUSDT,9655.52,9675.0,9250.0,9315.84,54379.344552,514946930.5660231,579079
1582502400000,2020-02-24,BTCUSDT,9936.4,9990.0,9473.56,9656.13,55796.59612,542081527.6408329,589384
1582416000000,2020-02-23,BTCUSDT,9650.85,9990.0,9645.0,9936.4,37702.089843,371815095.46744496,441935
1582329600000,2020-02-22,BTCUSDT,9677.05,9709.17,9560.02,9650.86,24636.757623,237544283.22525856,319961
1582243200000,2020-02-21,BTCUSDT,9597.21,9755.51,9550.21,9677.05,42181.554524,408286949.8035292,470599
1582156800000,2020-02-20,BTCUSDT,9594.65,9699.0,9400.0,9596.42,60152.342914,576020107.4626018,667387
1582070400000,2020-02-19,BTCUSDT,10164.78,10250.0,9350.0,9593.79,55162.586895,547679966.9292257,588760
1581984000000,2020-02-18,BTCUSDT,9706.0,10250.0,9576.01,10164.71,70604.124019,696870122.812608,723413
1581897600000,2020-02-17,BTCUSDT,9910.7,9964.16,9452.67,9706.0,70261.011901,680009637.6159953,778058
1581811200000,2020-02-16,BTCUSDT,9904.46,10050.0,9638.12,9917.27,60023.999537,592584876.9040861,708070
1581724800000,2020-02-15,BTCUSDT,10344.36,10375.0,9801.0,9904.72,57657.202947,580845331.1747848,739781
1581638400000,2020-02-14,BTCUSDT,10227.78,10381.56,10111.37,10344.36,47038.480173,482455622.003626,622310
1581552000000,2020-02-13,BTCUSDT,10325.33,10500.0,10080.0,10229.63,79344.358759,815507473.735361,932802
1581465600000,2020-02-12,BTCUSDT,10223.08,10450.0,10223.08,10326.46,61008.06393,629756037.5160786,857655
1581379200000,2020-02-11,BTCUSDT,9851.74,10323.59,9700.0,10223.08,62422.395224,624970415.4054741,710170
1581292800000,2020-02-10,BTCUSDT,10151.72,10188.0,9756.0,9851.83,59573.084619,590091358.442907,690308
1581206400000,2020-02-09,BTCUSDT,9895.04,10166.0,9880.75,10151.75,43408.475616,437441704.9053964,536848
1581120000000,2020-02-08,BTCUSDT,9813.87,9940.0,9667.11,9895.05,43600.843666,427781790.200816,514573
1581033600000,2020-02-07,BTCUSDT,9772.0,9885.0,9730.0,9813.73,43966.114632,430744860.1814393,582249
1580947200000,2020-02-06,BTCUSDT,9612.03,9862.57,9526.35,9772.0,64949.706588,631245079.8223813,682179
1580860800000,2020-02-05,BTCUSDT,9197.02,9744.45,9177.22,9612.04,64870.415615,613540574.7818311,661758
1580774400000,2020-02-04,BTCUSDT,9291.35,9350.0,9093.01,9197.02,53308.175266,491136137.2107625,528930
1580688000000,2020-02-03,BTCUSDT,9331.59,9618.79,9234.0,9292.24,50892.133451,476379993.49247247,492124
1580601600000,2020-02-02,BTCUSDT,9384.41,9477.03,9120.0,9331.51,45690.91254,428064088.6904683,446558
1580515200000,2020-02-01,BTCUSDT,9351.71,9464.53,9281.0,9384.61,28578.067354,268137739.9933375,334972
1580428800000,2020-01-31,BTCUSDT,9511.52,9530.22,9210.01,9352.89,45552.022352,425779010.4065367,428547
1580342400000,2020-01-30,BTCUSDT,9301.57,9578.0,9204.44,9513.21,60626.744259,569652869.8196837,529570
1580256000000,2020-01-29,BTCUSDT,9375.34,9449.24,9216.0,9301.53,53864.065122,503188568.8363578,492545
1580169600000,2020-01-28,BTCUSDT,8907.57,9400.0,8862.4,9374.21,74584.853765,676593159.4823396,616678
1580083200000,2020-01-27,BTCUSDT,8614.39,9000.0,8535.0,8907.57,53973.542996,473194952.8044688,514196
1579996800000,2020-01-26,BTCUSDT,8340.01,8618.13,8293.66,8615.0,31130.485164,263941925.272999,332612
1579910400000,2020-01-25,BTCUSDT,8438.99,8451.26,8254.9,8340.58,25521.157932,212869245.63589776,283118
1579824000000,2020-01-24,BTCUSDT,8404.52,8528.02,8238.0,8439.0,41687.529529,349874174.79003936,407271
1579737600000,2020-01-23,BTCUSDT,8682.77,8691.81,8306.39,8404.52,48165.944597,407428808.67533696,464805
1579651200000,2020-01-22,BTCUSDT,8736.04,8818.0,8590.0,8682.36,29080.557138,252638888.21492553,317424
1579564800000,2020-01-21,BTCUSDT,8642.35,8789.0,8488.0,8736.03,36494.687659,316056704.984738,365621
1579478400000,2020-01-20,BTCUSDT,8701.72,8746.99,8521.28,8642.35,38896.639746,336447837.0018059,385006
1579392000000,2020-01-19,BTCUSDT,8915.09,9198.98,8466.0,8701.7,70676.889259,623950864.2762928,615665
1579305600000,2020-01-18,BTCUSDT,8913.27,8988.88,8806.38,8915.96,38294.746545,340852837.9160803,458182
1579219200000,2020-01-17,BTCUSDT,8720.15,9041.65,8672.44,8913.28,70897.737377,629568740.707009,676403
1579132800000,2020-01-16,BTCUSDT,8820.01,8859.81,8586.0,8720.01,51991.074284,451752380.28108114,543064
1579046400000,2020-01-15,BTCUSDT,8814.64,8916.48,8564.0,8821.41,84816.297606,743712237.2790816,764048
1578960000000,2020-01-14,BTCUSDT,8110.34,8880.0,8105.54,8810.01,120399.126742,1032735180.8658738,915328
1578873600000,2020-01-13,BTCUSDT,8184.97,8196.0,8055.89,8110.34,31159.755683,252656965.35815012,289144
1578787200000,2020-01-12,BTCUSDT,8020.01,8197.0,7960.0,8184.98,38131.494336,309351920.45885,350662
1578700800000,2020-01-11,BTCUSDT,8198.86,8286.34,8003.16,8020.01,54810.032667,445034349.5647021,469131
1578614400000,2020-01-10,BTCUSDT,7817.74,8199.0,7672.0,8197.02,82406.777448,652774220.3884369,606101
1578528000000,2020-01-09,BTCUSDT,8054.72,8055.96,7750.0,7817.76,64239.51983,507258250.4748797,478800
1578441600000,2020-01-08,BTCUSDT,8145.92,8455.0,7870.0,8055.98,112622.64264,926410232.6045058,830375
1578355200000,2020-01-07,BTCUSDT,7758.9,8207.68,7723.71,8145.28,91171.684661,724202791.1429626,685315
1578268800000,2020-01-06,BTCUSDT,7357.64,7795.34,7346.76,7758.0,54635.695316,413330481.2260492,449937
1578182400000,2020-01-05,BTCUSDT,7354.19,7495.0,7318.0,7358.75,38331.085604,284848683.7891762,329209
1578096000000,2020-01-04,BTCUSDT,7345.0,7404.0,7272.21,7354.11,29987.974977,219874240.93994808,279370
1578009600000,2020-01-03,BTCUSDT,6965.49,7405.0,6871.04,7344.96,68428.500451,495098582.96203536,519854
1577923200000,2020-01-02,BTCUSDT,7200.77,7212.5,6924.74,6965.71,31951.483932,225982341.3011403,302667
1577836800000,2020-01-01,BTCUSDT,7195.24,7255.0,7175.15,7200.85,16792.388165,121214452.11606228,194010
1577750400000,2019-12-31,BTCUSDT,7246.0,7320.0,7145.01,7195.23,25954.453533,187518399.34504,251976
1577664000000,2019-12-30,BTCUSDT,7388.43,7408.24,7220.0,7246.0,29605.911782,216508875.51767525,279033
1577577600000,2019-12-29,BTCUSDT,7315.36,7528.45,7288.0,7388.24,31387.106085,231731575.8282169,283213
1577491200000,2019-12-28,BTCUSDT,7254.77,7365.01,7238.67,7316.14,26848.982199,196322192.43800187,272607
1577404800000,2019-12-27,BTCUSDT,7202.0,7275.86,7076.42,7254.74,33642.701861,242214722.72289035,297262
1577318400000,2019-12-26,BTCUSDT,7205.01,7435.0,7157.12,7202.0,36259.761076,263289798.9561876,337695
1577232000000,2019-12-25,BTCUSDT,7255.77,7271.77,7128.86,7204.63,27492.044323,198273303.10954583,289924
1577145600000,2019-12-24,BTCUSDT,7317.3,7436.68,7157.04,7255.77,43629.494188,318428019.00091,384678
1577059200000,2019-12-23,BTCUSDT,7500.71,7695.38,7265.84,7317.09,68051.997203,510710431.7668603,530669
1576972800000,2019-12-22,BTCUSDT,7131.59,7518.54,7122.47,7501.44,39137.45515,285577206.9406348,356612
1576886400000,2019-12-21,BTCUSDT,7188.01,7190.58,7105.0,7132.75,19467.174028,139069157.08645767,212162
1576800000000,2019-12-20,BTCUSDT,7151.31,7220.0,7079.5,7187.83,32132.069205,229842650.42149535,312766
1576713600000,2019-12-19,BTCUSDT,7277.83,7380.0,7038.31,7150.3,55509.049075,397407677.058565,439761
1576627200000,2019-12-18,BTCUSDT,6623.84,7440.0,6435.0,7277.83,95636.651251,654057202.1588289,714073
1576540800000,2019-12-17,BTCUSDT,6891.44,6942.21,6560.0,6623.82,53865.069929,364087469.8222779,454097
1576454400000,2019-12-16,BTCUSDT,7119.6,7150.0,6836.0,6891.72,43863.993059,307508569.89251375,371202
1576368000000,2019-12-15,BTCUSDT,7064.14,7200.3,7008.35,7118.59,26395.778137,187402764.56353113,262651
1576281600000,2019-12-14,BTCUSDT,7257.37,7271.77,7012.0,7064.05,29561.985967,211004228.015854,276819
1576195200000,2019-12-13,BTCUSDT,7197.76,7309.05,7190.76,7258.48,27609.873795,199836160.23365223,252135
1576108800000,2019-12-12,BTCUSDT,7210.0,7295.0,7080.3,7198.08,42288.600932,303657479.492691,331414
1576022400000,2019-12-11,BTCUSDT,7224.15,7275.5,7125.66,7210.0,30093.091944,217095653.86658928,268269
1575936000000,2019-12-10,BTCUSDT,7338.64,7407.6,7157.1,7224.13,49723.76214,363127435.3955167,439637
1575849600000,2019-12-09,BTCUSDT,7510.11,7650.0,7273.0,7338.64,46621.887493,347471155.4826833,359648
1575763200000,2019-12-08,BTCUSDT,7487.31,7564.0,7374.86,7510.11,29856.897631,223314325.61846468,257514
1575676800000,2019-12-07,BTCUSDT,7527.8,7619.62,7470.16,7488.21,31498.684173,237000924.85530463,263592
1575590400000,2019-12-06,BTCUSDT,7389.0,7590.03,7305.0,7527.47,48189.087944,356905919.01556,367854
1575504000000,2019-12-05,BTCUSDT,7194.59,7485.0,7150.0,7389.0,59306.678855,434738864.7840124,430359
1575417600000,2019-12-04,BTCUSDT,7292.71,7750.0,7067.0,7194.32,83147.149142,608623482.7599232,516158
1575331200000,2019-12-03,BTCUSDT,7294.42,7400.0,7241.35,7292.71,33149.477487,242379261.10434756,265391
1575244800000,2019-12-02,BTCUSDT,7391.5,7420.56,7151.1,7294.28,46330.25604,337889295.51018095,326881
1575158400000,2019-12-01,BTCUSDT,7540.63,7541.85,7210.0,7390.89,60769.342313,446524917.2059704,420573
1575072000000,2019-11-30,BTCUSDT,7740.99,7810.0,7441.0,7541.89,46989.433619,358749026.3607554,346506
1574985600000,2019-11-29,BTCUSDT,7418.52,7850.0,7362.3,7739.68,60745.300873,463006956.68515134,412929
1574899200000,2019-11-28,BTCUSDT,7507.9,7643.0,7360.0,7419.49,56933.981109,427572714.94560075,388953
1574812800000,2019-11-27,BTCUSDT,7154.75,7655.0,6840.0,7508.52,92452.87349,671646609.1695509,582055
1574726400000,2019-11-26,BTCUSDT,7109.99,7340.0,7017.48,7156.14,65722.39769,469602476.91268086,433933
1574640000000,2019-11-25,BTCUSDT,6900.23,7377.69,6515.0,7109.57,119645.735197,831628458.3049068,679721
1574553600000,2019-11-24,BTCUSDT,7311.1,7330.39,6861.0,6903.28,67890.206483,481922941.3269758,446014
1574467200000,2019-11-23,BTCUSDT,7268.23,7344.48,7080.01,7311.57,50449.894755,364446217.3737604,414045
1574380800000,2019-11-22,BTCUSDT,7627.79,7750.0,6790.0,7268.23,126603.140259,917881536.262084,817604
1574294400000,2019-11-21,BTCUSDT,8098.56,8134.73,7500.0,7627.74,58418.780261,455166676.2781802,430062
1574208000000,2019-11-20,BTCUSDT,8133.83,8264.29,8038.4,8098.01,32466.23098,263387575.485922,288843
1574121600000,2019-11-19,BTCUSDT,8186.5,8218.63,8003.0,8133.64,43556.061025,353463792.04443395,357382
1574035200000,2019-11-18,BTCUSDT,8502.87,8503.52,8060.0,8187.17,43017.69094,358706174.8252184,366263
1573948800000,2019-11-17,BTCUSDT,8490.74,8635.0,8350.68,8502.4,27009.037082,229995700.81158423,259594
1573862400000,2019-11-16,BTCUSDT,8471.62,8543.0,8400.0,8491.02,20902.299752,177222838.38564816,231473
1573776000000,2019-11-15,BTCUSDT,8646.38,8790.0,8400.0,8471.73,46087.417751,394708981.3155723,423919
1573689600000,2019-11-14,BTCUSDT,8777.54,8800.0,8582.6,8646.68,33468.468961,290104306.9530332,337019
1573603200000,2019-11-13,BTCUSDT,8821.91,8844.99,8702.0,8777.12,26810.116918,235060554.1241016,281593
1573516800000,2019-11-12,BTCUSDT,8733.36,8888.0,8567.6,8821.94,40366.629471,352675938.430593,406765
1573430400000,2019-11-11,BTCUSDT,9040.16,9072.32,8618.68,8733.27,44888.053545,394585996.3292871,415982
1573344000000,2019-11-10,BTCUSDT,8809.18,9147.19,8750.0,9039.47,34422.029797,307316853.90375423,375946
1573257600000,2019-11-09,BTCUSDT,8773.74,8880.0,8724.88,8809.41,29469.481405,259733491.8299089,326730
1573171200000,2019-11-08,BTCUSDT,9214.0,9261.0,8696.0,8773.73,62107.289243,555589995.9935858,567331
1573084800000,2019-11-07,BTCUSDT,9339.16,9375.0,9101.0,9216.2,39117.470853,361217475.05834645,401984
1572998400000,2019-11-06,BTCUSDT,9307.73,9440.91,9250.01,9339.05,37336.170372,348607499.83121693,402997
1572912000000,2019-11-05,BTCUSDT,9392.4,9454.95,9175.76,9308.66,45935.873665,428156963.0785469,492885
1572825600000,2019-11-04,BTCUSDT,9196.46,9513.68,9115.84,9393.35,45894.456277,426792003.1749065,453749
1572739200000,2019-11-03,BTCUSDT,9289.85,9362.57,9066.14,9194.71,27894.378279,256664259.6621914,326024
1572652800000,2019-11-02,BTCUSDT,9231.4,9373.74,9186.21,9289.52,28923.060828,268119579.73009112,325421
1572566400000,2019-11-01,BTCUSDT,9140.86,9279.0,9030.0,9231.61,43594.814115,398803069.00908464,478002
1572480000000,2019-10-31,BTCUSDT,9154.02,9405.0,8913.0,9140.85,54376.024902,498152743.7348088,490183
1572393600000,2019-10-30,BTCUSDT,9407.62,9409.84,9001.01,9154.72,55241.786434,506584830.0313323,524035
1572307200000,2019-10-29,BTCUSDT,9204.45,9550.0,9072.0,9407.62,64158.462446,600611324.6356996,559589
1572220800000,2019-10-28,BTCUSDT,9528.23,9902.1,9160.0,9205.14,80174.217323,759178942.9488419,681128
1572134400000,2019-10-27,BTCUSDT,9230.0,9794.98,9074.34,9529.93,93833.541604,887438297.7462668,799978
1572048000000,2019-10-26,BTCUSDT,8655.88,10370.0,8470.38,9230.0,162588.585413,1522244166.4108484,1185369
1571961600000,2019-10-25,BTCUSDT,7412.41,8799.0,7361.0,8655.02,90748.218174,737329544.8835196,775418
1571875200000,2019-10-24,BTCUSDT,7468.47,7503.68,7337.99,7412.41,32714.383265,243246414.9489239,403778
1571788800000,2019-10-23,BTCUSDT,8020.06,8047.59,7300.0,7466.62,63897.457098,488220760.6464156,610241
1571702400000,2019-10-22,BTCUSDT,8197.28,8297.99,8000.0,8020.0,34651.828663,283535483.41051364,384699
1571616000000,2019-10-21,BTCUSDT,8223.35,8333.0,8142.03,8197.27,30448.679539,250117281.63661337,367169
1571529600000,2019-10-20,BTCUSDT,7949.87,8297.0,7870.0,8223.35,34286.452654,275899861.65387124,396091
1571443200000,2019-10-19,BTCUSDT,7946.89,8098.1,7866.92,7948.01,26627.889388,211909734.13572004,349746
1571356800000,2019-10-18,BTCUSDT,8070.71,8115.0,7816.01,7947.01,31353.181416,248931322.1008505,399783
1571270400000,2019-10-17,BTCUSDT,7995.02,8124.92,7929.03,8070.58,29656.949158,238343204.48251528,356490
1571184000000,2019-10-16,BTCUSDT,8159.3,8181.16,7917.0,7991.74,34733.593966,279586845.5362138,421026
1571097600000,2019-10-15,BTCUSDT,8346.86,8403.0,8090.0,8159.29,32773.062476,270727559.77701086,399447
1571011200000,2019-10-14,BTCUSDT,8275.24,8388.85,8203.0,8348.2,29810.663253,247530733.18003485,345679
1570924800000,2019-10-13,BTCUSDT,8301.98,8451.37,8160.0,8275.01,27840.739953,232149438.3639587,320051
1570838400000,2019-10-12,BTCUSDT,8257.95,8400.0,8250.0,8300.09,21339.334098,177707852.5948189,280633
1570752000000,2019-10-11,BTCUSDT,8557.82,8779.51,8212.38,8258.5,50405.284418,424413201.53293216,471818
1570665600000,2019-10-10,BTCUSDT,8562.15,8644.0,8414.52,8558.03,39137.946167,333925412.3041418,406932
1570579200000,2019-10-09,BTCUSDT,8170.79,8670.0,8115.0,8560.74,55038.704378,462845251.8136103,537805
1570492800000,2019-10-08,BTCUSDT,8190.82,8325.0,8088.75,8168.39,35452.657423,290675248.1414453,395685
1570406400000,2019-10-07,BTCUSDT,7855.3,8299.92,7762.0,8190.09,52202.072297,420921679.8442632,482605
1570320000000,2019-10-06,BTCUSDT,8127.55,8153.87,7785.0,7854.25,34676.104049,275447898.032875,325795
1570233600000,2019-10-05,BTCUSDT,8137.09,8183.41,8012.98,8126.19,21907.615564,177252877.0029691,237769
1570147200000,2019-10-04,BTCUSDT,8224.43,8232.41,8005.0,8137.13,26476.330404,215325611.6822151,259012
1570060800000,2019-10-03,BTCUSDT,8360.0,8393.0,8060.0,8223.96,30488.284058,250291751.27141392,281307
1569974400000,2019-10-02,BTCUSDT,8292.67,8373.91,8151.22,8359.94,26243.386644,216325351.8586446,261430
1569888000000,2019-10-01,BTCUSDT,8289.97,8500.0,8173.05,8292.44,43472.418091,362980689.8799913,387653
1569801600000,2019-09-30,BTCUSDT,8043.04,8337.26,7710.0,8289.34,55865.48726,449120676.8427603,455556
1569715200000,2019-09-29,BTCUSDT,8199.38,8229.13,7890.0,8043.82,31544.211388,253660600.3252929,322501
1569628800000,2019-09-28,BTCUSDT,8177.47,8315.0,8001.09,8198.81,34473.605165,280672404.6804955,319113
1569542400000,2019-09-27,BTCUSDT,8063.49,8265.0,7852.15,8177.91,43882.924625,352800745.20792854,369518
1569456000000,2019-09-26,BTCUSDT,8430.05,8465.99,7750.0,8063.73,67930.853749,552794530.866682,522062
1569369600000,2019-09-25,BTCUSDT,8497.55,8730.0,8215.64,8430.05,60783.892258,512437200.3611044,544806
1569283200000,2019-09-24,BTCUSDT,9702.2,9794.99,7800.0,8493.14,94007.345203,838996309.1611282,748712
1569196800000,2019-09-23,BTCUSDT,10028.05,10049.99,9615.77,9702.25,31937.232356,314390584.62646127,332817
1569110400000,2019-09-22,BTCUSDT,9985.15,10089.0,9853.97,10028.87,22049.275256,220133631.61284167,253713
1569024000000,2019-09-21,BTCUSDT,10167.92,10176.7,9900.0,9986.39,20544.175196,206034034.50803515,245439
1568937600000,2019-09-20,BTCUSDT,10243.7,10281.0,10061.39,10168.59,25088.491069,255205290.2118373,267032
1568851200000,2019-09-19,BTCUSDT,10156.41,10325.0,9653.0,10244.29,44826.282579,447676492.9840264,429727
1568764800000,2019-09-18,BTCUSDT,10187.48,10258.02,10100.0,10156.99,24250.249303,247024351.59799168,299466
1568678400000,2019-09-17,BTCUSDT,10249.68,10275.0,10128.01,10187.82,22914.324563,233944812.560508,287483
1568592000000,2019-09-16,BTCUSDT,10303.34,10355.0,10078.0,10251.31,28971.401657,296325130.1709013,274368
1568505600000,2019-09-15,BTCUSDT,10332.81,10360.0,10252.15,10302.01,18047.654013,185853330.43704256,194733
1568419200000,2019-09-14,BTCUSDT,10344.13,10419.99,10222.33,10335.02,23621.533519,244063007.09022477,253929
1568332800000,2019-09-13,BTCUSDT,10415.01,10439.0,10153.0,10342.06,30280.339776,311632094.25618845,304947
1568246400000,2019-09-12,BTCUSDT,10158.75,10448.81,10040.0,10415.01,34511.162755,353390090.96777725,317881
1568160000000,2019-09-11,BTCUSDT,10098.19,10293.0,9880.0,10158.33,31953.824562,321637085.47650874,309120
1568073600000,2019-09-10,BTCUSDT,10302.58,10384.99,9953.0,10098.15,28915.412225,294323839.5070076,286763
1567987200000,2019-09-09,BTCUSDT,10381.24,10480.0,10068.5,10303.12,39835.727608,409724831.94712263,330459
1567900800000,2019-09-08,BTCUSDT,10455.9,10592.5,10208.0,10381.18,23984.672018,249900964.37153128,237752
1567814400000,2019-09-07,BTCUSDT,10298.71,10558.0,10288.57,10455.88,27637.877392,287851131.1802577,272011
1567728000000,2019-09-06,BTCUSDT,10563.13,10905.87,10150.0,10298.73,58799.640959,623662984.3843305,455334
1567641600000,2019-09-05,BTCUSDT,10565.92,10900.0,10450.0,10564.49,33970.960639,358861340.7897901,309846
1567555200000,2019-09-04,BTCUSDT,10611.85,10799.0,10369.89,10567.02,43943.889026,463526509.325937,383457
1567468800000,2019-09-03,BTCUSDT,10340.0,10773.0,10272.0,10615.28,47998.376781,505617667.3992669,416076
1567382400000,2019-09-02,BTCUSDT,9723.59,10450.0,9712.5,10340.0,44740.248093,448462178.630381,354155
1567296000000,2019-09-01,BTCUSDT,9588.74,9830.0,9520.0,9724.98,19545.404843,188513289.12235728,191324
1567209600000,2019-08-31,BTCUSDT,9582.76,9684.51,9420.75,9587.47,17130.290074,164116756.46299693,199188
1567123200000,2019-08-30,BTCUSDT,9499.01,9696.0,9350.41,9584.54,26834.318104,255854874.4507745,259270
1567036800000,2019-08-29,BTCUSDT,9721.0,9724.0,9320.0,9498.44,35532.69491,337838761.5572865,343887
1566950400000,2019-08-28,BTCUSDT,10185.69,10299.0,9601.01,9721.0,42110.555375,420034883.00315255,381293
1566864000000,2019-08-27,BTCUSDT,10373.6,10391.08,10051.08,10185.05,28402.775383,289340681.0789518,292888
1566777600000,2019-08-26,BTCUSDT,10142.69,10604.0,10137.93,10372.25,41687.511599,432249835.49069726,405316
1566691200000,2019-08-25,BTCUSDT,10134.61,10333.0,9906.97,10142.69,26271.657398,265132761.31704283,289956
1566604800000,2019-08-24,BTCUSDT,10388.16,10419.42,9890.0,10134.35,27692.456844,279962133.6257099,313227
1566518400000,2019-08-23,BTCUSDT,10099.9,10445.0,10019.79,10389.55,27550.336173,282732431.7520724,326866
1566432000000,2019-08-22,BTCUSDT,10140.82,10242.0,9762.0,10099.88,34059.642738,341371442.9068388,401148
1566345600000,2019-08-21,BTCUSDT,10760.51,10804.13,9858.0,10142.57,47355.719282,482889274.517917,458814
1566259200000,2019-08-20,BTCUSDT,10914.73,10949.96,10560.0,10760.51,32298.921679,346664453.1367265,305065
1566172800000,2019-08-19,BTCUSDT,10306.17,10930.0,10258.6,10915.54,37243.319217,396233441.0274596,337022
1566086400000,2019-08-18,BTCUSDT,10216.05,10500.0,10080.0,10306.78,24085.395172,248508872.4599864,265705
1566000000000,2019-08-17,BTCUSDT,10331.15,10465.14,10000.0,10216.02,29000.581201,297776329.0305825,332795
1565913600000,2019-08-16,BTCUSDT,10296.77,10536.03,9750.0,10331.54,51758.142918,527258446.3977765,504740
1565827200000,2019-08-15,BTCUSDT,10055.16,10460.0,9911.0,10293.93,38174.45112,387705855.0879112,373368
1565740800000,2019-08-14,BTCUSDT,10893.36,10897.48,9928.1,10050.37,54451.847499,567724729.1059059,534507
1565654400000,2019-08-13,BTCUSDT,11398.35,11456.16,10788.45,10892.71,33234.72968,368994475.5461124,337834
1565568000000,2019-08-12,BTCUSDT,11539.08,11577.89,11235.32,11396.08,17568.227075,200325471.60414097,255966
1565481600000,2019-08-11,BTCUSDT,11309.24,11600.0,11112.11,11549.97,26772.90691,304862403.351449,306234
1565395200000,2019-08-10,BTCUSDT,11879.98,11985.0,11270.0,11309.31,42633.087048,492217964.4905557,399237
1565308800000,2019-08-09,BTCUSDT,11994.17,12045.68,11700.0,11879.99,39427.152588,467011047.9414285,410902
1565222400000,2019-08-08,BTCUSDT,11975.04,12060.0,11521.0,11999.77,51207.257174,604389131.062836,473584
1565136000000,2019-08-07,BTCUSDT,11481.69,12141.17,11382.84,11975.03,69173.390353,814597979.050504,592916
1565049600000,2019-08-06,BTCUSDT,11830.0,12330.7,11226.7,11481.69,76705.389875,904119081.6157126,625827
1564963200000,2019-08-05,BTCUSDT,10929.99,11937.52,10927.8,11828.8,65153.673713,757976547.217046,622610
1564876800000,2019-08-04,BTCUSDT,10816.86,11040.0,10552.0,10929.23,39924.745141,431793873.4232976,353721
1564790400000,2019-08-03,BTCUSDT,10523.75,10904.77,10497.93,10816.86,33802.318824,363852799.8717801,348893
1564704000000,2019-08-02,BTCUSDT,10375.0,10670.0,10281.35,10523.75,42990.444221,450323284.1507597,431322
1564617600000,2019-08-01,BTCUSDT,10080.53,10467.86,9863.46,10374.99,41727.637028,422156523.6690079,378062
1564531200000,2019-07-31,BTCUSDT,9575.0,10109.8,9555.0,10080.53,39515.35456,389690761.44466114,364212
1564444800000,2019-07-30,BTCUSDT,9509.07,9714.28,9402.0,9574.21,32536.368834,310867928.28793913,283961
1564358400000,2019-07-29,BTCUSDT,9541.54,9729.0,9395.0,9507.64,29021.937411,277497756.76841676,294468
1564272000000,2019-07-28,BTCUSDT,9478.92,9594.99,9165.0,9541.54,29401.022937,278537286.1348134,271327
1564185600000,2019-07-27,BTCUSDT,9824.0,10188.66,9333.0,9476.52,43809.778301,424932724.9687315,401418
1564099200000,2019-07-26,BTCUSDT,9882.15,9889.98,9637.0,9824.0,27167.463217,265108103.13392133,299935
1564012800000,2019-07-25,BTCUSDT,9763.4,10175.0,9720.03,9879.87,37873.354728,378938450.0817674,368176
1563926400000,2019-07-24,BTCUSDT,9864.78,9937.0,9525.0,9763.28,43475.380377,422534162.14571214,424762
1563840000000,2019-07-23,BTCUSDT,10343.08,10343.97,9822.0,9864.91,47624.37071,478441909.40505725,448147
1563753600000,2019-07-22,BTCUSDT,10590.15,10683.16,10100.0,10340.31,40467.954839,421016379.36208767,389565
1563667200000,2019-07-21,BTCUSDT,10740.27,10817.9,10288.0,10589.45,38834.287935,409661485.99856466,395452
1563580800000,2019-07-20,BTCUSDT,10505.78,11068.99,10350.0,10740.23,47331.899848,505569016.35008293,461660
1563494400000,2019-07-19,BTCUSDT,10628.64,10769.71,10121.84,10504.29,56546.932133,589931612.3419864,567735
1563408000000,2019-07-18,BTCUSDT,9668.86,10788.0,9252.0,10627.16,80283.310252,807822745.1854327,734821
1563321600000,2019-07-17,BTCUSDT,9430.17,9957.0,9060.0,9667.92,84942.672717,809555508.3476789,757742
1563235200000,2019-07-16,BTCUSDT,10833.78,11028.0,9350.01,9439.59,97219.443413,982462166.6932294,796646
1563148800000,2019-07-15,BTCUSDT,10174.18,11100.0,9860.0,10838.72,81922.426332,851028723.7031858,732206
1563062400000,2019-07-14,BTCUSDT,11355.78,11452.0,10103.0,10174.18,72517.579236,777646151.6029468,649043
1562976000000,2019-07-13,BTCUSDT,11757.22,11799.98,10830.0,11355.76,54245.594548,614050007.9919451,510305
1562889600000,2019-07-12,BTCUSDT,11342.88,11885.0,11073.0,11757.22,56321.858281,649824820.7654814,537561
1562803200000,2019-07-11,BTCUSDT,12108.11,12111.73,11000.0,11342.89,87506.461058,1007356802.2182561,760057
1562716800000,2019-07-10,BTCUSDT,12548.51,13147.08,11569.0,12108.37,109246.044997,1369749939.9675038,899391
1562630400000,2019-07-09,BTCUSDT,12238.6,12794.73,12068.0,12543.41,78442.130343,975986802.0300353,660273
1562544000000,2019-07-08,BTCUSDT,11410.0,12338.03,11220.0,12238.6,52182.367215,618530684.4325522,507860
1562457600000,2019-07-07,BTCUSDT,11256.45,11538.0,11094.37,11406.24,38884.795599,439439052.9455421,366769
1562371200000,2019-07-06,BTCUSDT,10982.41,11665.0,10964.51,11256.49,51469.496331,585001376.155429,470692
1562284800000,2019-07-05,BTCUSDT,11145.67,11406.83,10796.44,10970.73,63534.350582,705853649.0264896,564857
1562198400000,2019-07-04,BTCUSDT,11940.0,12000.0,11055.0,11145.67,66512.221892,775818897.3894848,643867
1562112000000,2019-07-03,BTCUSDT,10844.98,11991.89,10841.04,11940.0,96815.90029,1097804642.7577736,814754
1562025600000,2019-07-02,BTCUSDT,10624.9,10938.75,9727.0,10842.85,109561.038728,1128353804.8007917,870148
1561939200000,2019-07-01,BTCUSDT,10854.1,11282.28,10030.0,10624.93,90962.268271,972343281.8603553,757458
1561852800000,2019-06-30,BTCUSDT,11903.13,12180.0,10766.03,10854.1,84512.530443,971151050.9005817,711267
1561766400000,2019-06-29,BTCUSDT,12407.06,12441.54,11475.02,11903.13,69642.074157,829011822.2365324,732073
1561680000000,2019-06-28,BTCUSDT,11329.99,12480.0,10982.88,12400.63,95795.203964,1129888341.3212836,883116
1561593600000,2019-06-27,BTCUSDT,13098.38,13478.04,10525.1,11329.99,173894.820889,2058443849.314,1357233
1561507200000,2019-06-26,BTCUSDT,11821.28,13970.0,11741.0,13093.8,155930.147386,1996178374.5944922,1355074
1561420800000,2019-06-25,BTCUSDT,11056.59,11850.0,11026.0,11820.86,61276.686648,697773986.2691858,597798
1561334400000,2019-06-24,BTCUSDT,10905.95,11143.63,10620.8,11056.59,43101.045285,469746663.93811727,440335
1561248000000,2019-06-23,BTCUSDT,10729.0,11392.64,10555.18,10906.07,57445.323945,625330374.7466884,557935
1561161600000,2019-06-22,BTCUSDT,10159.86,11160.0,9921.72,10729.5,104169.447976,1112069567.638115,923334
1561075200000,2019-06-21,BTCUSDT,9518.06,10174.99,9518.06,10159.86,50484.415892,494783687.9853515,474344
1560988800000,2019-06-20,BTCUSDT,9253.76,9590.0,9175.2,9517.12,34556.053982,323621848.1987617,350662
1560902400000,2019-06-19,BTCUSDT,9081.97,9304.0,8960.0,9255.49,32147.706495,293748062.6668488,306202
1560816000000,2019-06-18,BTCUSDT,9312.13,9336.36,8950.0,9081.55,51554.569401,470271954.2987056,449730
1560729600000,2019-06-17,BTCUSDT,8953.0,9444.0,8950.0,9313.96,47895.485374,441567296.05926627,462160
1560643200000,2019-06-16,BTCUSDT,8810.77,9333.0,8760.0,8953.33,63289.251219,574211342.9796603,552319
1560556800000,2019-06-15,BTCUSDT,8650.88,8864.99,8567.63,8808.7,31791.636039,276420769.2933853,335840
1560470400000,2019-06-14,BTCUSDT,8216.44,8684.41,8144.32,8650.0,39835.246255,333475488.55375946,410072
1560384000000,2019-06-13,BTCUSDT,8127.64,8309.82,8010.03,8218.54,30467.764341,248418184.7720466,341246
1560297600000,2019-06-12,BTCUSDT,7884.9,8200.0,7788.99,8127.64,41597.082622,333291726.6460002,361980
1560211200000,2019-06-11,BTCUSDT,7981.0,8010.0,7692.23,7884.9,30334.999427,238031771.51747337,309059
1560124800000,2019-06-10,BTCUSDT,7627.57,8020.0,7511.0,7982.75,36756.078468,287125339.97011447,387179
1560038400000,2019-06-09,BTCUSDT,7895.28,7935.0,7506.66,7628.13,31568.465157,243970971.0244344,322175
1559952000000,2019-06-08,BTCUSDT,7978.94,8044.65,7751.0,7893.62,22657.329634,179047320.02388045,250864
1559865600000,2019-06-07,BTCUSDT,7787.57,8100.0,7737.49,7980.53,33942.225658,269125728.1416496,323096
1559779200000,2019-06-06,BTCUSDT,7778.08,7868.13,7444.58,7786.7,36624.118747,282156410.54378915,371485
1559692800000,2019-06-05,BTCUSDT,7687.04,7896.7,7572.78,7776.5,48679.656455,377635818.0044095,426120
1559606400000,2019-06-04,BTCUSDT,8115.66,8115.66,7481.02,7687.03,74143.948941,582173398.3257968,645913
1559520000000,2019-06-03,BTCUSDT,8726.0,8800.95,8080.8,8115.82,45692.965104,387155494.9730488,431252
1559433600000,2019-06-02,BTCUSDT,8545.1,8814.78,8524.0,8725.98,27835.133265,241414596.71950516,299353
1559347200000,2019-06-01,BTCUSDT,8555.0,8626.0,8442.36,8544.07,31868.234157,272098436.34069574,348375
1559260800000,2019-05-31,BTCUSDT,8267.1,8594.0,8108.5,8555.0,44727.49162,373629673.9190144,416525
1559174400000,2019-05-30,BTCUSDT,8646.5,9074.26,8005.0,8269.54,70379.998521,603312537.3808434,617341
1559088000000,2019-05-29,BTCUSDT,8716.87,8750.0,8406.6,8645.68,33880.865922,292094591.01803863,352317
1559001600000,2019-05-28,BTCUSDT,8752.52,8798.49,8510.63,8715.64,31470.551534,273791910.6314759,349123
1558915200000,2019-05-27,BTCUSDT,8612.54,8908.32,8589.0,8756.32,51886.768793,452651204.9349024,478773
1558828800000,2019-05-26,BTCUSDT,8023.0,8740.0,7833.42,8614.43,49652.144567,409616322.3884788,377306
1558742400000,2019-05-25,BTCUSDT,7964.52,8091.8,7908.34,8025.41,28414.328817,227376280.5854076,264448
1558656000000,2019-05-24,BTCUSDT,7849.95,8130.0,7766.0,7964.87,46664.785325,371381043.73160255,428676
1558569600000,2019-05-23,BTCUSDT,7627.8,7940.98,7461.0,7851.51,49648.184701,381536239.5128484,449220
1558483200000,2019-05-22,BTCUSDT,7904.48,8016.0,7465.0,7628.43,49136.994589,384730220.72195166,461337
1558396800000,2019-05-21,BTCUSDT,7937.16,8042.32,7771.0,7904.87,52301.752247,413637782.3697456,554038
1558310400000,2019-05-20,BTCUSDT,8147.94,8156.03,7553.0,7938.15,65859.208564,517939277.868858,610360
1558224000000,2019-05-19,BTCUSDT,7257.32,8275.09,7243.08,8148.48,65577.442058,517729474.35844094,583432
1558137600000,2019-05-18,BTCUSDT,7355.28,7458.0,7156.61,7257.45,37054.944779,271170511.0509332,379504
1558051200000,2019-05-17,BTCUSDT,7868.67,7925.0,6913.0,7355.26,88752.008159,645676487.3744029,803893
1557964800000,2019-05-16,BTCUSDT,8169.08,8320.0,7705.0,7866.59,69630.513996,557126171.2789642,666538
1557878400000,2019-05-15,BTCUSDT,7945.26,8249.0,7850.0,8169.87,37884.327211,305196285.2755824,347533
1557792000000,2019-05-14,BTCUSDT,7795.62,8366.0,7599.56,7947.56,76583.722603,611103206.0032725,655426
1557705600000,2019-05-13,BTCUSDT,6968.24,8100.0,6870.0,7790.71,85804.735333,648012612.2927012,588497
1557619200000,2019-05-12,BTCUSDT,7076.24,7521.78,6750.0,6967.31,86948.975339,619939454.4896551,647345
1557532800000,2019-05-11,BTCUSDT,6375.16,7343.99,6372.85,7076.22,74022.424393,507216001.34340405,562540
1557446400000,2019-05-10,BTCUSDT,6209.95,6468.92,6172.0,6373.33,36623.61079,231801342.4320928,283074
1557360000000,2019-05-09,BTCUSDT,5986.66,6224.55,5983.71,6209.18,27453.011436,167489934.34358987,227841
1557273600000,2019-05-08,BTCUSDT,5846.34,6014.72,5772.2,5987.29,23074.05152,136245255.5572078,190966
1557187200000,2019-05-07,BTCUSDT,5749.92,6028.41,5747.74,5846.34,39905.064422,236176663.81792104,301388
1557100800000,2019-05-06,BTCUSDT,5773.18,5805.0,5619.14,5747.79,25256.596325,144358553.85462248,230431
1557014400000,2019-05-05,BTCUSDT,5829.83,5839.9,5696.0,5775.62,23822.543775,137653160.7660216,185365
1556928000000,2019-05-04,BTCUSDT,5770.62,5900.0,5587.45,5829.45,39682.408991,228942582.4507792,283145
1556841600000,2019-05-03,BTCUSDT,5494.81,5844.0,5477.57,5772.69,46297.172849,264435878.92811015,338298
1556755200000,2019-05-02,BTCUSDT,5383.2,5538.0,5370.0,5492.87,22795.787835,124498567.2076544,181896
1556668800000,2019-05-01,BTCUSDT,5321.94,5402.0,5316.2,5383.2,17217.473216,92194935.6047804,161488
1556582400000,2019-04-30,BTCUSDT,5238.14,5339.98,5192.15,5320.81,22238.06823,117309839.23079813,180989
1556496000000,2019-04-29,BTCUSDT,5309.81,5332.0,5178.8,5238.14,19918.135079,104822151.5144498,178472
1556409600000,2019-04-28,BTCUSDT,5295.69,5340.0,5259.48,5307.52,14371.433869,76277087.37424076,127730
1556323200000,2019-04-27,BTCUSDT,5315.0,5342.5,5257.67,5295.69,15422.896935,81749716.42174439,145733
1556236800000,2019-04-26,BTCUSDT,5220.47,5510.0,5161.62,5314.1,48912.294513,259659705.6513858,333183
1556150400000,2019-04-25,BTCUSDT,5415.0,5491.84,5102.0,5219.9,49636.089948,265091565.61466023,331089
1556064000000,2019-04-24,BTCUSDT,5490.91,5582.2,5333.35,5415.0,48224.152413,262493252.9358424,339599
1555977600000,2019-04-23,BTCUSDT,5357.14,5600.0,5332.41,5493.31,41262.103917,227154061.8577141,282563
1555891200000,2019-04-22,BTCUSDT,5257.41,5400.0,5208.35,5357.14,29563.852309,156632202.9709961,210361
1555804800000,2019-04-21,BTCUSDT,5292.91,5314.35,5165.0,5256.14,25549.570939,133929931.15068737,210494
1555718400000,2019-04-20,BTCUSDT,5258.68,5333.42,5230.1,5291.73,19168.908274,101343660.15324435,157080
1555632000000,2019-04-19,BTCUSDT,5258.44,5320.0,5175.0,5258.68,24611.236323,128937309.63806376,178148
1555545600000,2019-04-18,BTCUSDT,5202.41,5287.0,5198.8,5258.44,22619.239001,118573129.86520115,167110
1555459200000,2019-04-17,BTCUSDT,5173.72,5230.4,5146.8,5202.82,23307.536134,120972345.51821636,179490
1555372800000,2019-04-16,BTCUSDT,5024.95,5197.72,5003.94,5173.72,24242.229493,123581651.71216355,168550
1555286400000,2019-04-15,BTCUSDT,5131.28,5167.38,4950.0,5024.95,29057.191581,147687551.9414771,204944
1555200000000,2019-04-14,BTCUSDT,5047.45,5152.99,5000.0,5131.3,18281.607739,92594930.42710131,131700
1555113600000,2019-04-13,BTCUSDT,5047.0,5099.0,5004.0,5045.22,17292.456802,87375984.44461507,138674
1555027200000,2019-04-12,BTCUSDT,5017.37,5080.58,4861.22,5048.01,33276.678614,166485761.0793121,226036
1554940800000,2019-04-11,BTCUSDT,5307.86,5332.67,4927.0,5017.37,54696.600686,277736905.85749793,369304
1554854400000,2019-04-10,BTCUSDT,5150.0,5422.0,5135.0,5308.25,40073.620471,210870034.51205528,260967
1554768000000,2019-04-09,BTCUSDT,5238.38,5238.4,5076.68,5150.0,34067.012311,175633627.31637353,253381
1554681600000,2019-04-08,BTCUSDT,5170.27,5305.0,5039.0,5236.9,50178.430782,260487077.7675668,350828
1554595200000,2019-04-07,BTCUSDT,5042.07,5234.0,5026.0,5170.27,37615.486804,192916750.5719041,274084
1554508800000,2019-04-06,BTCUSDT,5004.96,5205.0,4928.59,5043.89,41770.842313,210963411.61313188,281237
1554422400000,2019-04-05,BTCUSDT,4898.64,5028.22,4880.62,5004.95,39768.552806,197660830.71096665,292375
1554336000000,2019-04-04,BTCUSDT,4932.59,5039.08,4777.0,4898.66,61054.254168,301411332.0090243,419141
1554249600000,2019-04-03,BTCUSDT,4857.19,5275.01,4753.5,4932.6,109890.125743,548900970.9178842,692019
1554163200000,2019-04-02,BTCUSDT,4144.54,4897.99,4140.54,4857.29,105383.639263,489018726.75750667,609133
1554076800000,2019-04-01,BTCUSDT,4102.44,4158.7,4067.0,4144.56,25507.067641,105388238.14788891,184268
1553990400000,2019-03-31,BTCUSDT,4106.99,4116.12,4082.57,4103.95,13525.087433,55472147.12701675,124046
1553904000000,2019-03-30,BTCUSDT,4104.24,4140.0,4052.0,4106.97,19509.292601,79853835.581824,162463
1553817600000,2019-03-29,BTCUSDT,4028.22,4123.71,4024.03,4103.25,30084.217444,122585822.5865048,203826
1553731200000,2019-03-28,BTCUSDT,4039.58,4039.7,4002.0,4027.81,20089.293875,80822230.57984656,157060
1553644800000,2019-03-27,BTCUSDT,3948.77,4048.0,3936.15,4038.05,32364.555852,129681258.0162135,224309
1553558400000,2019-03-26,BTCUSDT,3935.47,3958.98,3894.0,3948.55,29349.537627,115330070.99071544,192418
1553472000000,2019-03-25,BTCUSDT,3991.35,3999.3,3888.71,3936.12,33192.890217,131507366.37512892,227739
1553385600000,2019-03-24,BTCUSDT,4006.01,4006.02,3950.0,3992.18,17179.850648,68524082.74695624,131087
1553299200000,2019-03-23,BTCUSDT,3987.89,4018.83,3978.01,4006.01,17302.604318,69169819.8628637,143155
1553212800000,2019-03-22,BTCUSDT,3980.85,4008.0,3968.25,3986.93,20022.606318,79861943.8108997,153703
1553126400000,2019-03-21,BTCUSDT,4043.04,4069.32,3880.01,3980.64,35997.682119,144010401.50845116,236100
1553040000000,2019-03-20,BTCUSDT,4017.48,4050.0,3980.5,4043.04,23432.300255,94019734.23326427,175036
1552953600000,2019-03-19,BTCUSDT,3987.83,4031.0,3970.0,4015.53,19893.741815,79503748.36263466,147394
1552867200000,2019-03-18,BTCUSDT,3981.85,4037.0,3953.33,3987.81,22454.47801,89526258.38910636,157876
1552780800000,2019-03-17,BTCUSDT,4005.98,4012.0,3950.01,3981.14,18814.255577,74893913.05776027,146953
1552694400000,2019-03-16,BTCUSDT,3924.46,4056.98,3921.98,4005.98,28568.376124,114227606.40681696,216198
1552608000000,2019-03-15,BTCUSDT,3877.12,3939.22,3872.2,3923.76,21740.061498,84919900.71744472,163866
1552521600000,2019-03-14,BTCUSDT,3866.0,3920.0,3810.43,3877.12,27048.74853,104673038.77602254,196651
1552435200000,2019-03-13,BTCUSDT,3882.69,3893.56,3840.0,3866.0,24461.008757,94680049.46033753,186572
1552348800000,2019-03-12,BTCUSDT,3871.61,3905.2,3826.06,3882.73,26921.008622,104393849.44844826,182885
1552262400000,2019-03-11,BTCUSDT,3915.99,3936.98,3830.0,3871.61,38066.885705,147721971.09446937,209916
1552176000000,2019-03-10,BTCUSDT,3943.43,3943.43,3881.69,3916.82,23187.561412,90693949.72150733,167920
1552089600000,2019-03-09,BTCUSDT,3864.88,3971.75,3854.75,3943.04,30979.747653,121353606.96803357,206869
1552003200000,2019-03-08,BTCUSDT,3873.63,3932.0,3800.0,3864.89,34730.366592,135000852.01035947,211534
1551916800000,2019-03-07,BTCUSDT,3861.84,3905.4,3840.4,3873.64,26455.257661,102585458.38333897,180520
1551830400000,2019-03-06,BTCUSDT,3857.58,3907.0,3813.09,3861.84,24775.11883,95417637.5889866,165101
1551744000000,2019-03-05,BTCUSDT,3716.1,3877.1,3703.55,3857.73,32962.536162,124945530.76214452,202444
1551657600000,2019-03-04,BTCUSDT,3807.32,3830.0,3670.69,3715.3,34742.84166,129739738.23815794,218615
1551571200000,2019-03-03,BTCUSDT,3819.97,3835.0,3781.32,3807.75,16718.16541,63791898.99159701,127681
1551484800000,2019-03-02,BTCUSDT,3822.17,3841.31,3772.25,3819.93,19445.838355,74175357.77882297,149854
1551398400000,2019-03-01,BTCUSDT,3814.26,3857.0,3813.01,3823.0,23174.57217,88851336.5211179,179860
1551312000000,2019-02-28,BTCUSDT,3818.04,3888.0,3763.87,3813.69,32561.961044,124703738.39336836,233849
1551225600000,2019-02-27,BTCUSDT,3809.31,3838.85,3677.17,3818.07,31500.995466,119564023.12004228,201626
1551139200000,2019-02-26,BTCUSDT,3828.44,3841.51,3777.0,3809.23,28838.748036,109932596.10609365,213897
1551052800000,2019-02-25,BTCUSDT,3743.56,3872.66,3740.0,3827.92,38102.966245,145285565.2031707,262716
1550966400000,2019-02-24,BTCUSDT,4118.0,4198.0,3712.66,3743.56,62224.18689,244146803.51886997,410578
1550880000000,2019-02-23,BTCUSDT,3962.0,4162.02,3933.15,4117.76,33657.942883,135782959.41827348,231563
1550793600000,2019-02-22,BTCUSDT,3937.31,3988.0,3926.65,3962.0,23943.16375,94739322.74557024,179588
1550707200000,2019-02-21,BTCUSDT,3969.74,4016.48,3901.03,3937.31,31103.884728,122714273.87417652,209571
1550620800000,2019-02-20,BTCUSDT,3907.35,3986.98,3870.66,3969.74,36205.14085,142571564.56112987,250176
1550534400000,2019-02-19,BTCUSDT,3897.35,3994.52,3856.0,3907.79,50207.172667,197091641.04739997,332281
1550448000000,2019-02-18,BTCUSDT,3667.62,3925.0,3655.0,3898.6,64042.730492,242898012.76922593,393515
1550361600000,2019-02-17,BTCUSDT,3617.22,3700.11,3604.4,3667.58,25690.227779,93426433.13226132,179511
1550275200000,2019-02-16,BTCUSDT,3602.49,3648.2,3597.91,3618.41,19565.992751,70894921.80761532,149393
1550188800000,2019-02-15,BTCUSDT,3590.57,3653.23,3573.45,3602.47,20777.872899,74938358.18352868,151256
1550102400000,2019-02-14,BTCUSDT,3608.34,3626.4,3568.11,3590.56,21753.501261,78367545.57945932,155215
1550016000000,2019-02-13,BTCUSDT,3631.51,3670.0,3591.75,3609.4,25773.997648,93350740.94830574,167690
1549929600000,2019-02-12,BTCUSDT,3631.05,3667.6,3582.34,3631.46,29479.59823,106766439.99436474,198996
1549843200000,2019-02-11,BTCUSDT,3679.75,3684.9,3615.53,3631.05,24954.614571,90731831.90427426,172626
1549756800000,2019-02-10,BTCUSDT,3665.18,3684.99,3609.76,3680.06,23250.602634,84696423.96233752,171099
1549670400000,2019-02-09,BTCUSDT,3660.27,3680.02,3625.13,3665.18,24759.833719,90488500.0676624,192209
1549584000000,2019-02-08,BTCUSDT,3398.4,3733.58,3373.1,3659.04,47968.058013,170118212.46197885,277242
1549497600000,2019-02-07,BTCUSDT,3407.0,3426.45,3390.0,3398.4,18665.538638,63611505.78657223,148209
1549411200000,2019-02-06,BTCUSDT,3471.57,3482.72,3380.0,3405.37,35310.244846,120500703.0051573,207024
1549324800000,2019-02-05,BTCUSDT,3463.22,3478.97,3448.43,3471.59,25264.41503,87491347.06381486,162066
1549238400000,2019-02-04,BTCUSDT,3458.11,3484.88,3433.31,3463.22,23131.981108,80024258.22766612,155686
1549152000000,2019-02-03,BTCUSDT,3504.06,3511.09,3426.0,3458.11,19867.33639,68801620.06241606,138592
1549065600000,2019-02-02,BTCUSDT,3462.2,3526.4,3440.29,3504.77,17920.802,62134037.97539881,153234
1548979200000,2019-02-01,BTCUSDT,3434.1,3488.0,3401.2,3462.07,25260.476159,87075914.2326683,167520
1548892800000,2019-01-31,BTCUSDT,3457.5,3489.2,3418.8,3434.1,29607.190253,101928346.97699685,198100
1548806400000,2019-01-30,BTCUSDT,3410.04,3478.0,3387.1,3458.18,23968.260243,82521122.86191754,180820
1548720000000,2019-01-29,BTCUSDT,3434.0,3443.45,3349.92,3411.04,29544.928977,100542807.46479908,189650
1548633600000,2019-01-28,BTCUSDT,3550.05,3557.75,3380.27,3434.15,40405.111401,139258708.7643088,260799
1548547200000,2019-01-27,BTCUSDT,3565.62,3579.0,3486.0,3550.84,22735.598162,80743416.84653682,163855
1548460800000,2019-01-26,BTCUSDT,3566.69,3662.94,3545.0,3565.25,19476.532344,69841766.64693148,135369
1548374400000,2019-01-25,BTCUSDT,3569.07,3587.15,3522.51,3565.29,17608.346671,62634926.45524528,153413
1548288000000,2019-01-24,BTCUSDT,3552.97,3589.0,3529.22,3569.62,20826.25118,74037052.86632736,162159
1548201600000,2019-01-23,BTCUSDT,3570.41,3607.98,3514.5,3552.82,24938.842698,88816396.34583545,192892
1548115200000,2019-01-22,BTCUSDT,3526.88,3608.5,3434.85,3570.93,29336.442967,103804480.11605988,195484
1548028800000,2019-01-21,BTCUSDT,3539.26,3559.51,3475.5,3526.9,19644.436839,69316548.76685554,160825
1547942400000,2019-01-20,BTCUSDT,3665.75,3693.73,3475.0,3539.28,27901.938598,99767239.95381454,204941
1547856000000,2019-01-19,BTCUSDT,3594.87,3720.0,3594.23,3665.3,22171.578123,81354185.90325992,175054
1547769600000,2019-01-18,BTCUSDT,3613.32,3620.0,3565.75,3594.87,22713.446755,81699723.54479145,177567
1547683200000,2019-01-17,BTCUSDT,3591.84,3634.7,3530.39,3616.21,29755.440838,106709136.97324342,217797
1547596800000,2019-01-16,BTCUSDT,3553.06,3645.0,3543.51,3591.84,27480.179977,98504455.20666537,205159
1547510400000,2019-01-15,BTCUSDT,3626.08,3648.42,3516.62,3553.06,34137.997459,122785440.2288754,231684
1547424000000,2019-01-14,BTCUSDT,3477.56,3671.87,3467.02,3626.09,35235.211215,125631820.06705056,229452
1547337600000,2019-01-13,BTCUSDT,3584.1,3611.1,3441.3,3476.81,26385.757454,92882249.46737902,183113
1547251200000,2019-01-12,BTCUSDT,3601.31,3618.19,3530.0,3583.13,21999.928354,78908770.67658037,175679
1547164800000,2019-01-11,BTCUSDT,3585.88,3658.0,3465.0,3601.31,38338.654733,137560743.6248598,264996
1547078400000,2019-01-10,BTCUSDT,3966.06,3996.01,3540.0,3585.88,59402.22851,221789348.03469807,374760
1546992000000,2019-01-09,BTCUSDT,3955.45,4006.81,3930.04,3966.65,28989.439511,115218950.31554872,209240
1546905600000,2019-01-08,BTCUSDT,3976.76,4069.8,3903.0,3955.13,38901.423122,154778846.54236615,242898
1546819200000,2019-01-07,BTCUSDT,3987.62,4017.9,3921.53,3975.45,31869.846264,126830380.4928724,221219
1546732800000,2019-01-06,BTCUSDT,3771.12,4027.71,3740.0,3987.6,36553.806709,142198812.18914708,240496
1546646400000,2019-01-05,BTCUSDT,3790.09,3840.99,3751.0,3770.96,30490.667751,115893501.27515878,203673
1546560000000,2019-01-04,BTCUSDT,3767.2,3823.64,3703.57,3792.01,29519.554671,111034550.64066195,192232
1546473600000,2019-01-03,BTCUSDT,3857.57,3862.74,3730.0,3766.78,29406.948359,111657372.69526468,199812
1546387200000,2019-01-02,BTCUSDT,3796.45,3882.14,3750.45,3858.56,35156.463369,133876627.2465106,218538
1546300800000,2019-01-01,BTCUSDT,3701.23,3810.16,3642.0,3797.14,23741.687033,88149249.09230462,154227
1546214400000,2018-12-31,BTCUSDT,3803.12,3810.0,3630.33,3702.9,29991.77835,111847216.11708207,190308
1546128000000,2018-12-30,BTCUSDT,3696.71,3903.5,3657.9,3801.91,33222.369262,124966229.52022897,218929
1546041600000,2018-12-29,BTCUSDT,3839.0,3892.0,3670.0,3695.32,38874.373903,148205200.1077372,244844
1545955200000,2018-12-28,BTCUSDT,3567.89,3887.25,3540.04,3839.26,45964.304987,170638519.2472785,251040
1545868800000,2018-12-27,BTCUSDT,3777.74,3813.98,3535.0,3567.91,44097.392912,161915849.87310502,262733
1545782400000,2018-12-26,BTCUSDT,3745.56,3837.15,3656.74,3777.74,42629.375817,159705204.50415567,267746
1545696000000,2018-12-25,BTCUSDT,4010.11,4020.0,3646.41,3745.79,62725.629432,235584302.95256105,356377
1545609600000,2018-12-24,BTCUSDT,3929.71,4198.0,3924.83,4008.01,64647.809129,264628967.06591076,400403
1545523200000,2018-12-23,BTCUSDT,3948.91,4021.53,3870.0,3929.71,40117.531529,158756356.8176238,258417
1545436800000,2018-12-22,BTCUSDT,3840.25,3979.0,3785.0,3948.91,42822.350872,165085567.58556616,249148
1545350400000,2018-12-21,BTCUSDT,4051.86,4139.99,3764.0,3838.66,82343.850112,325803279.9626696,436187
1545264000000,2018-12-20,BTCUSDT,3660.01,4120.0,3635.0,4049.62,101543.835986,399967057.78281647,500506
1545177600000,2018-12-19,BTCUSDT,3653.0,3912.73,3622.55,3662.22,94137.341014,352638213.53853136,434026
1545091200000,2018-12-18,BTCUSDT,3509.03,3678.59,3424.47,3652.98,61369.615257,216563775.02523196,296433
1545004800000,2018-12-17,BTCUSDT,3229.22,3585.0,3216.0,3509.08,66761.751697,228756567.64954677,283814
1544918400000,2018-12-16,BTCUSDT,3211.71,3294.0,3186.0,3228.67,24628.808538,80068159.40481837,125565
1544832000000,2018-12-15,BTCUSDT,3225.19,3276.5,3156.26,3211.72,29796.041436,95588793.64058843,139806
1544745600000,2018-12-14,BTCUSDT,3302.06,3335.39,3177.0,3224.17,44492.983807,145101409.49359843,184525
1544659200000,2018-12-13,BTCUSDT,3446.38,3460.0,3255.5,3302.06,40040.917013,134817053.72748312,160471
1544572800000,2018-12-12,BTCUSDT,3379.23,3492.0,3350.0,3445.0,33922.931286,116227185.79240072,152067
1544486400000,2018-12-11,BTCUSDT,3434.01,3480.0,3324.32,3380.39,35920.864154,121841475.29281934,162266
1544400000000,2018-12-10,BTCUSDT,3548.49,3610.0,3370.11,3432.88,40989.244553,142507933.07357892,192599
1544313600000,2018-12-09,BTCUSDT,3411.36,3658.0,3394.04,3545.37,45956.893296,161618597.82859048,194567
1544227200000,2018-12-08,BTCUSDT,3403.57,3495.0,3222.0,3410.93,55365.949949,187909876.24894735,253650
1544140800000,2018-12-07,BTCUSDT,3508.75,3549.99,3224.6,3403.55,95145.457442,322364604.2802089,413521
1544054400000,2018-12-06,BTCUSDT,3768.44,3899.99,3500.0,3508.75,68378.796943,254722331.4949405,293512
1543968000000,2018-12-05,BTCUSDT,3950.98,3970.0,3745.0,3769.84,44004.799448,169404368.19157183,199011
1543881600000,2018-12-04,BTCUSDT,3884.76,4085.0,3781.0,3951.64,48489.551613,191673423.70626593,220815
1543795200000,2018-12-03,BTCUSDT,4160.55,4179.0,3827.0,3884.01,49094.369163,195055919.54337287,207134
1543708800000,2018-12-02,BTCUSDT,4190.98,4312.99,4103.04,4161.01,38912.15479,162917339.00647366,178087
1543622400000,2018-12-01,BTCUSDT,4041.27,4299.99,3963.01,4190.02,44840.073481,186157614.3155972,205472
1543536000000,2018-11-30,BTCUSDT,4295.72,4341.36,3943.0,4041.32,67758.446283,278810574.935784,288098
1543449600000,2018-11-29,BTCUSDT,4262.06,4450.38,4125.65,4295.84,73980.198669,316809038.40988266,316601
1543363200000,2018-11-28,BTCUSDT,3875.63,4394.47,3874.27,4264.85,91983.567949,382697308.297627,386714
1543276800000,2018-11-27,BTCUSDT,3864.45,3940.0,3689.12,3875.21,67480.607212,257593168.12182525,288731
1543190400000,2018-11-26,BTCUSDT,4088.69,4206.0,3701.0,3862.2,94503.750767,373225761.8074076,413329
1543104000000,2018-11-25,BTCUSDT,3933.68,4233.0,3652.66,4085.78,101693.975588,398253568.5292384,428171
1543017600000,2018-11-24,BTCUSDT,4415.63,4527.0,3824.69,3932.44,61693.111006,258702927.69916424,275070
1542931200000,2018-11-23,BTCUSDT,4370.9,4484.0,4222.94,4420.61,49371.920322,215283656.11539477,227935
1542844800000,2018-11-22,BTCUSDT,4661.08,4721.77,4335.0,4370.0,34531.119143,157459733.72414753,180335
1542758400000,2018-11-21,BTCUSDT,4559.91,4787.2,4413.85,4661.07,61071.829475,281264433.4846592,301920
1542672000000,2018-11-20,BTCUSDT,4913.4,5048.24,4326.0,4558.86,117380.95159,548036628.7293574,596769
1542585600000,2018-11-19,BTCUSDT,5661.94,5664.0,4855.0,4910.03,70580.892856,368688743.45440894,378495
1542499200000,2018-11-18,BTCUSDT,5630.49,5738.17,5617.0,5662.0,23844.999347,134893236.9862243,154817
1542412800000,2018-11-17,BTCUSDT,5650.57,5656.6,5565.43,5628.29,26411.241413,148072393.10210443,171403
1542326400000,2018-11-16,BTCUSDT,5757.09,5782.89,5549.25,5655.94,38721.802274,219097215.966752,221493
1542240000000,2018-11-15,BTCUSDT,5917.2,5939.54,5403.42,5753.4,47700.829401,270133503.66131264,303825
1542153600000,2018-11-14,BTCUSDT,6458.98,6482.84,5656.87,5922.41,46478.964003,279632622.8943677,319011
1542067200000,2018-11-13,BTCUSDT,6451.68,6498.0,6391.15,6457.66,11790.564933,76142983.15196352,150940
1541980800000,2018-11-12,BTCUSDT,6450.71,6497.0,6421.0,6453.07,10132.782567,65390882.14088421,123144
1541894400000,2018-11-11,BTCUSDT,6435.16,6462.14,6355.0,6449.81,8213.507117,52709099.31784609,98435
1541808000000,2018-11-10,BTCUSDT,6419.99,6475.55,6411.0,6433.05,7714.829926,49745307.64123968,97746
1541721600000,2018-11-09,BTCUSDT,6479.84,6511.53,6391.01,6419.99,11787.616583,75997777.50255908,117043
1541635200000,2018-11-08,BTCUSDT,6578.46,6594.0,6468.22,6479.84,13259.789282,86450363.67835227,145405
1541548800000,2018-11-07,BTCUSDT,6522.73,6615.15,6509.0,6578.46,14271.591117,93820576.63463956,151060
1541462400000,2018-11-06,BTCUSDT,6468.99,6531.31,6445.18,6519.11,11926.565699,77336101.18719475,150475
1541376000000,2018-11-05,BTCUSDT,6485.85,6504.39,6431.02,6468.99,8987.882156,58127213.13931594,114235
1541289600000,2018-11-04,BTCUSDT,6388.0,6525.0,6359.0,6485.85,10592.394943,68169573.18695,126200
1541203200000,2018-11-03,BTCUSDT,6432.8,6439.97,6345.0,6387.09,7661.241476,48934237.93991929,83836
1541116800000,2018-11-02,BTCUSDT,6410.0,6460.34,6388.2,6433.98,9739.440679,62589428.22024873,109482
1541030400000,2018-11-01,BTCUSDT,6369.52,6442.65,6348.66,6410.0,9099.035841,58031686.8315247,89601
1540944000000,2018-10-31,BTCUSDT,6330.01,6428.0,6245.02,6371.93,12148.888216,76970488.28166042,111552
1540857600000,2018-10-30,BTCUSDT,6344.5,6395.0,6317.01,6330.87,8877.175385,56393439.18288881,95116
1540771200000,2018-10-29,BTCUSDT,6489.93,6505.01,6315.0,6344.5,13827.224067,88484721.03624511,135586
1540684800000,2018-10-28,BTCUSDT,6505.6,6514.17,6453.0,6489.93,5743.933728,37298357.26271342,71647
1540598400000,2018-10-27,BTCUSDT,6538.63,6558.35,6463.04,6505.6,7776.907864,50667220.04441258,86848
1540512000000,2018-10-26,BTCUSDT,6528.13,6600.0,6515.01,6538.63,9443.504156,61792487.79642334,77985
1540425600000,2018-10-25,BTCUSDT,6566.81,6575.09,6502.8,6528.09,10342.701244,67691945.44596253,75563
1540339200000,2018-10-24,BTCUSDT,6553.51,6630.0,6547.53,6565.5,11951.543977,78795617.02141578,90762
1540252800000,2018-10-23,BTCUSDT,6581.2,6595.0,6515.45,6553.51,13856.601756,90969791.0251596,86938
1540166400000,2018-10-22,BTCUSDT,6590.12,6639.0,6535.27,6581.2,16213.69266,106815019.55165032,101673
1540080000000,2018-10-21,BTCUSDT,6585.72,6663.9,6580.0,6590.11,6515.357792,43146401.58918715,68018
1539993600000,2018-10-20,BTCUSDT,6528.88,6617.65,6505.55,6588.4,19240.722247,126325797.49570584,110809
1539907200000,2018-10-19,BTCUSDT,6618.96,6648.14,6523.0,6528.88,20772.60077,136686215.6690547,112337
1539820800000,2018-10-18,BTCUSDT,6739.01,6796.0,6567.0,6618.96,20116.521941,134777360.1544343,138002
1539734400000,2018-10-17,BTCUSDT,6762.76,6811.12,6676.01,6740.89,26641.431379,179641733.16423723,158746
1539648000000,2018-10-16,BTCUSDT,6752.5,6900.0,6670.0,6759.27,27557.957764,186122772.22286084,175075
1539561600000,2018-10-15,BTCUSDT,6339.34,7680.0,6300.0,6752.5,90748.031246,627984505.5555727,456913
1539475200000,2018-10-14,BTCUSDT,6332.92,6416.0,6308.0,6339.34,15627.411314,99527294.08483064,96113
1539388800000,2018-10-13,BTCUSDT,6298.0,6345.0,6285.07,6332.93,19098.070025,120728650.99596693,108981
1539302400000,2018-10-12,BTCUSDT,6252.71,6360.0,6209.0,6298.01,29004.071419,183030273.0112748,148077
1539216000000,2018-10-11,BTCUSDT,6630.21,6633.92,6205.0,6252.68,48712.400332,308153124.4458242,253224
1539129600000,2018-10-10,BTCUSDT,6656.67,6659.95,6530.0,6631.0,15390.661444,101609680.88217255,99789
1539043200000,2018-10-09,BTCUSDT,6673.01,6685.38,6607.0,6656.61,15354.779469,102115186.42882323,101956
1538956800000,2018-10-08,BTCUSDT,6615.26,6715.6,6587.0,6673.01,23123.419541,153704602.4302414,135156
1538870400000,2018-10-07,BTCUSDT,6596.44,6640.0,6525.0,6615.26,17406.831762,114489082.7536428,82844
1538784000000,2018-10-06,BTCUSDT,6635.65,6651.0,6566.77,6594.27,10939.505391,72247942.41429408,62065
1538697600000,2018-10-05,BTCUSDT,6591.69,6697.0,6543.08,6635.65,16096.552392,106264514.65757656,86701
1538611200000,2018-10-04,BTCUSDT,6510.01,6643.46,6505.09,6593.79,20074.300818,132348680.67600606,96824
1538524800000,2018-10-03,BTCUSDT,6525.79,6549.0,6430.0,6510.0,28451.969138,184622957.0249073,150607
1538438400000,2018-10-02,BTCUSDT,6610.0,6640.0,6494.0,6525.79,28245.810088,185725492.2802391,147274
1538352000000,2018-10-01,BTCUSDT,6626.57,6667.09,6510.0,6611.61,20621.506894,136115256.9683068,129733
1538265600000,2018-09-30,BTCUSDT,6597.66,6662.0,6533.0,6626.57,27764.724519,183438992.37719536,153447
1538179200000,2018-09-29,BTCUSDT,6634.58,6636.0,6464.57,6596.38,30255.9597,198424303.60660568,171027
1538092800000,2018-09-28,BTCUSDT,6689.12,6814.8,6540.88,6634.58,42399.448523,283144987.50423056,211849
1538006400000,2018-09-27,BTCUSDT,6467.84,6750.0,6434.0,6689.13,33087.428297,216914853.24175173,182590
1537920000000,2018-09-26,BTCUSDT,6445.11,6557.99,6379.7,6465.12,33484.54207,216859675.30134344,184238
1537833600000,2018-09-25,BTCUSDT,6581.42,6584.01,6325.02,6447.54,40301.029452,258927200.8310643,219965
1537747200000,2018-09-24,BTCUSDT,6706.81,6730.0,6557.0,6581.39,35305.73991,234355999.54311827,185297
1537660800000,2018-09-23,BTCUSDT,6723.05,6788.23,6661.75,6708.0,30286.229773,203479219.38640648,168354
1537574400000,2018-09-22,BTCUSDT,6759.01,6839.03,6627.0,6723.05,29349.690667,197210670.89197847,145720
1537488000000,2018-09-21,BTCUSDT,6492.0,6784.86,6491.0,6759.02,51779.343463,345746941.9999864,292494
1537401600000,2018-09-20,BTCUSDT,6392.0,6540.0,6325.0,6492.0,25189.024728,161844271.63360685,153686
1537315200000,2018-09-19,BTCUSDT,6336.39,6517.7,6123.0,6391.89,39044.080082,247455364.5237956,198215
1537228800000,2018-09-18,BTCUSDT,6248.69,6390.0,6224.98,6336.45,32620.86667,205736329.40707865,169055
1537142400000,2018-09-17,BTCUSDT,6500.08,6533.84,6201.0,6248.69,35987.254738,228970700.75042212,196924
1537056000000,2018-09-16,BTCUSDT,6514.96,6524.62,6370.0,6505.0,27568.132897,178614079.15149954,145921
1536969600000,2018-09-15,BTCUSDT,6476.63,6565.45,6466.13,6514.96,25243.656612,164557841.0798692,141362
1536883200000,2018-09-14,BTCUSDT,6487.39,6584.99,6385.62,6476.63,37173.339277,241466662.64800572,198375
1536796800000,2018-09-13,BTCUSDT,6338.62,6535.0,6337.4,6487.38,40465.063107,260985165.19184464,215637
1536710400000,2018-09-12,BTCUSDT,6293.0,6360.0,6192.37,6338.62,31433.645939,197398009.0125667,165590
1536624000000,2018-09-11,BTCUSDT,6311.99,6404.0,6169.68,6294.91,33104.88859,208346648.80045933,173335
1536537600000,2018-09-10,BTCUSDT,6252.26,6373.98,6221.0,6312.0,32439.456432,204178349.9698747,165286
1536451200000,2018-09-09,BTCUSDT,6185.06,6441.0,6141.53,6250.81,37053.92382,233583450.10542047,176709
1536364800000,2018-09-08,BTCUSDT,6395.54,6478.0,6111.0,6185.05,38215.032171,241711345.37120345,180831
1536278400000,2018-09-07,BTCUSDT,6516.84,6544.0,6320.0,6395.54,38906.28805,250716129.90518975,194451
1536192000000,2018-09-06,BTCUSDT,6697.27,6725.0,6265.0,6516.01,60644.464227,390391932.2091176,280845
1536105600000,2018-09-05,BTCUSDT,7359.05,7397.3,6682.0,6700.0,63715.256267,449463489.0579976,308813
1536019200000,2018-09-04,BTCUSDT,7263.0,7410.0,7227.17,7359.06,35300.640518,258978411.271086,183178
1535932800000,2018-09-03,BTCUSDT,7302.0,7338.28,7191.63,7263.02,32396.018371,235393601.4251404,173846
1535846400000,2018-09-02,BTCUSDT,7201.57,7345.45,7127.0,7302.01,39814.840352,288526018.71327895,210282
1535760000000,2018-09-01,BTCUSDT,7011.21,7275.0,7008.74,7200.01,40323.414093,287299347.7691456,217286
1535673600000,2018-08-31,BTCUSDT,6984.84,7089.0,6888.0,7011.21,40467.400638,282722730.06131953,203142
1535587200000,2018-08-30,BTCUSDT,7033.21,7063.63,6784.81,6984.84,44716.77462,309357226.58362526,230848
1535500800000,2018-08-29,BTCUSDT,7077.0,7133.81,6912.34,7031.22,43252.487392,304565438.4850058,223772
1535414400000,2018-08-28,BTCUSDT,6907.26,7135.0,6860.0,7076.11,48352.917163,338220284.29016566,252033
1535328000000,2018-08-27,BTCUSDT,6700.0,6940.51,6646.5,6908.64,37747.078747,254214730.3171242,205441
1535241600000,2018-08-26,BTCUSDT,6733.64,6775.27,6568.0,6700.0,20107.297208,134117930.3957502,130769
1535155200000,2018-08-25,BTCUSDT,6686.98,6789.0,6650.61,6733.64,19220.505929,129083702.47542232,122483
1535068800000,2018-08-24,BTCUSDT,6525.0,6725.0,6440.5,6681.64,38305.675322,251513064.47447148,180167
1534982400000,2018-08-23,BTCUSDT,6362.57,6576.99,6342.28,6525.01,40358.166825,259786384.55491504,187637
1534896000000,2018-08-22,BTCUSDT,6479.98,6882.54,6251.2,6360.89,77909.391359,512501182.2029021,326562
1534809600000,2018-08-21,BTCUSDT,6251.0,6500.0,6235.08,6480.0,41569.947408,265458342.7817206,180578
1534723200000,2018-08-20,BTCUSDT,6477.53,6530.0,6220.0,6254.84,49435.55526,317617945.7492608,237055
1534636800000,2018-08-19,BTCUSDT,6387.96,6541.0,6300.0,6477.53,45190.847994,289271954.5532653,190758
1534550400000,2018-08-18,BTCUSDT,6579.04,6620.0,6288.0,6387.96,53742.322172,345964004.3657212,276121
1534464000000,2018-08-17,BTCUSDT,6316.0,6585.0,6285.4,6584.49,57851.610803,374472431.7235812,296730
1534377600000,2018-08-16,BTCUSDT,6265.27,6480.0,6205.6,6311.75,48515.254618,307755605.1624039,228942
1534291200000,2018-08-15,BTCUSDT,6188.08,6609.0,6172.11,6267.16,68806.687026,439109005.4034304,329413
1534204800000,2018-08-14,BTCUSDT,6248.25,6250.33,5880.0,6188.08,50186.745091,303179556.3624503,252004
1534118400000,2018-08-13,BTCUSDT,6308.56,6545.0,6145.04,6246.35,53895.828783,341552293.0073,239602
1534032000000,2018-08-12,BTCUSDT,6222.55,6472.3,6130.0,6308.33,38567.770712,243227298.87942725,190399
1533945600000,2018-08-11,BTCUSDT,6148.13,6488.0,5971.0,6232.35,47133.418555,291056267.0892287,236173
1533859200000,2018-08-10,BTCUSDT,6529.79,6575.88,6026.39,6144.01,59034.974902,374699380.94849145,289661
1533772800000,2018-08-09,BTCUSDT,6283.27,6622.81,6178.6,6529.79,51941.185111,332880900.89059937,248573
1533686400000,2018-08-08,BTCUSDT,6720.63,6721.54,6123.0,6285.0,59550.536319,382460776.49398136,305603
1533600000000,2018-08-07,BTCUSDT,6935.0,7150.46,6670.0,6720.06,45438.473501,316365882.1031662,247202
1533513600000,2018-08-06,BTCUSDT,7024.19,7160.0,6821.0,6934.82,32760.191643,229071781.11536673,177378
1533427200000,2018-08-05,BTCUSDT,7009.84,7089.87,6882.29,7024.19,32894.849782,229992627.52322164,148658
1533340800000,2018-08-04,BTCUSDT,7412.27,7494.81,6926.0,7009.84,36288.42601,262282965.4857332,199335
1533254400000,2018-08-03,BTCUSDT,7525.71,7540.0,7282.44,7418.78,44669.486047,330599837.7285522,226727
1533168000000,2018-08-02,BTCUSDT,7600.08,7709.46,7455.72,7525.71,37665.696684,285656680.7015636,175627
1533081600000,2018-08-01,BTCUSDT,7735.67,7750.0,7430.0,7604.58,42582.312932,322252070.44348675,208008
1532995200000,2018-07-31,BTCUSDT,8171.4,8180.0,7633.0,7730.93,48296.915587,379841367.2024023,239132
1532908800000,2018-07-30,BTCUSDT,8210.99,8273.0,7866.0,8173.92,39692.416542,321599782.180698,206911
1532822400000,2018-07-29,BTCUSDT,8225.04,8294.51,8115.0,8211.0,25531.226185,209564023.05224952,144331
1532736000000,2018-07-28,BTCUSDT,8188.57,8246.54,8067.0,8225.04,26215.173839,214357817.0314018,144170
1532649600000,2018-07-27,BTCUSDT,7920.0,8285.0,7805.0,8188.57,43671.005891,350881696.75270694,227397
1532563200000,2018-07-26,BTCUSDT,8175.63,8315.69,7850.06,7920.0,43223.481682,352101207.6799552,235681
1532476800000,2018-07-25,BTCUSDT,8397.24,8491.77,8050.0,8175.64,48257.649124,398119757.80385005,277935
1532390400000,2018-07-24,BTCUSDT,7721.65,8486.0,7696.0,8397.24,60121.163749,487117211.68189824,326329
1532304000000,2018-07-23,BTCUSDT,7394.78,7833.0,7375.0,7721.01,41646.346671,320156546.58240986,219776
1532217600000,2018-07-22,BTCUSDT,7399.25,7582.4,7335.5,7394.79,30270.21844,225619234.83744207,144711
1532131200000,2018-07-21,BTCUSDT,7337.47,7458.47,7211.0,7398.78,28886.490291,212126417.2287315,164901
1532044800000,2018-07-20,BTCUSDT,7468.86,7700.0,7273.0,7337.53,46140.313447,342862693.0959096,251391
1531958400000,2018-07-19,BTCUSDT,7381.88,7576.28,7270.0,7466.21,41218.256437,305198281.13948625,235597
1531872000000,2018-07-18,BTCUSDT,7317.44,7588.08,7225.38,7381.9,59487.64345,440669913.2083524,327949
1531785600000,2018-07-17,BTCUSDT,6723.33,7468.99,6652.04,7317.44,52105.423459,364669305.0369064,276178
1531699200000,2018-07-16,BTCUSDT,6354.15,6747.3,6330.4,6723.35,36204.87708,237104112.45049536,201733
1531612800000,2018-07-15,BTCUSDT,6250.9,6395.0,6225.4,6353.01,22979.211508,145409822.7448766,114997
1531526400000,2018-07-14,BTCUSDT,6214.57,6335.0,6178.0,6251.99,17783.071999,110959488.24719918,108052
1531440000000,2018-07-13,BTCUSDT,6251.4,6350.0,6110.0,6214.57,26375.325286,164467999.80925834,144757
1531353600000,2018-07-12,BTCUSDT,6378.07,6380.28,6070.0,6250.57,31306.663348,194325733.7875043,150985
1531267200000,2018-07-11,BTCUSDT,6296.91,6406.0,6278.99,6378.07,28715.498487,182357469.02807087,151869
1531180800000,2018-07-10,BTCUSDT,6662.78,6681.0,6263.0,6296.91,38560.672702,249099760.1897497,189913
1531094400000,2018-07-09,BTCUSDT,6712.1,6802.06,6612.24,6662.12,26732.40655,179250573.66648534,147315
1531008000000,2018-07-08,BTCUSDT,6753.48,6780.0,6667.44,6712.1,24622.947794,165941351.79836008,145349
1530921600000,2018-07-07,BTCUSDT,6609.79,6818.16,6508.88,6756.98,23973.876886,158034155.17779145,145449
1530835200000,2018-07-06,BTCUSDT,6529.2,6648.54,6425.0,6609.78,29397.094748,192230903.67599213,193854
1530748800000,2018-07-05,BTCUSDT,6585.53,6712.0,6453.33,6529.2,35071.972898,230809190.30740517,216533
1530662400000,2018-07-04,BTCUSDT,6511.01,6784.92,6441.11,6586.98,23571.892777,156277884.33011597,146203
1530576000000,2018-07-03,BTCUSDT,6615.29,6679.35,6463.01,6513.86,38657.781691,254550438.13768885,232914
1530489600000,2018-07-02,BTCUSDT,6360.82,6685.0,6271.62,6615.29,36230.452264,235524330.64865333,242589
1530403200000,2018-07-01,BTCUSDT,6391.08,6441.06,6251.0,6356.81,27562.965974,175096501.49486908,183060
1530316800000,2018-06-30,BTCUSDT,6197.92,6528.99,6186.03,6390.07,37919.61284,241568568.0310778,230915
1530230400000,2018-06-29,BTCUSDT,5851.01,6300.0,5780.0,6197.92,33911.287278,201409363.91549844,212542
1530144000000,2018-06-28,BTCUSDT,6134.73,6173.01,5827.0,5853.98,30585.266026,185247010.87925187,156241
1530057600000,2018-06-27,BTCUSDT,6065.89,6190.43,5971.0,6133.73,19225.671098,117103011.80356833,99481
1529971200000,2018-06-26,BTCUSDT,6252.0,6272.54,6035.0,6070.78,19377.240484,119676555.56449406,113431
1529884800000,2018-06-25,BTCUSDT,6137.95,6350.0,6061.97,6252.0,39164.515306,242859915.8036461,218384
1529798400000,2018-06-24,BTCUSDT,6149.98,6259.8,5750.0,6136.97,47445.998955,284095336.0578902,275996
1529712000000,2018-06-23,BTCUSDT,6045.92,6260.0,6008.48,6149.98,26622.788589,162755765.84514263,170164
1529625600000,2018-06-22,BTCUSDT,6717.69,6733.97,5918.94,6045.0,52157.370833,327460666.9145165,300515
1529539200000,2018-06-21,BTCUSDT,6763.21,6795.0,6672.57,6718.84,25428.854048,171149859.23602843,159783
1529452800000,2018-06-20,BTCUSDT,6740.0,6817.23,6551.81,6761.51,26359.752452,175935335.65057912,166074
1529366400000,2018-06-19,BTCUSDT,6711.39,6841.74,6653.0,6741.21,24311.421143,163420093.794135,160490
1529280000000,2018-06-18,BTCUSDT,6444.06,6794.38,6380.0,6712.46,31821.434995,208570443.95997888,180773
1529193600000,2018-06-17,BTCUSDT,6482.5,6589.03,6422.0,6449.61,19847.247688,129120718.76299886,129759
1529107200000,2018-06-16,BTCUSDT,6380.01,6560.0,6320.86,6483.98,22277.241147,143760033.69408152,140470
1529020800000,2018-06-15,BTCUSDT,6638.67,6666.66,6362.31,6388.9,30018.329905,196192096.14553955,184938
1528934400000,2018-06-14,BTCUSDT,6292.78,6720.0,6260.0,6635.98,44478.130837,289074808.78413,256384
1528848000000,2018-06-13,BTCUSDT,6530.0,6627.6,6118.68,6292.78,46185.5181,295395681.6623412,266517
1528761600000,2018-06-12,BTCUSDT,6872.0,6890.51,6435.0,6530.0,36722.211191,245787800.8012235,224658
1528675200000,2018-06-11,BTCUSDT,6765.0,6922.0,6610.0,6872.0,34552.162303,233056682.85777128,203442
1528588800000,2018-06-10,BTCUSDT,7491.73,7491.73,6622.81,6764.99,52342.020032,367338754.56308055,471088
1528502400000,2018-06-09,BTCUSDT,7603.44,7683.98,7450.0,7491.73,19339.885176,147171153.412775,278971
1528416000000,2018-06-08,BTCUSDT,7691.08,7703.5,7531.0,7603.44,23396.804671,178204158.39968467,321734
1528329600000,2018-06-07,BTCUSDT,7658.79,7765.0,7620.0,7691.08,25062.227202,192949056.8419996,244186
1528243200000,2018-06-06,BTCUSDT,7626.64,7699.0,7467.05,7658.84,27229.991898,207006657.7801965,257573
1528156800000,2018-06-05,BTCUSDT,7487.0,7679.49,7358.0,7625.0,31722.973384,237722147.65258065,236865
1528070400000,2018-06-04,BTCUSDT,7714.26,7760.52,7446.5,7487.0,32258.835115,244167051.18701583,307003
1527984000000,2018-06-03,BTCUSDT,7636.81,7786.69,7600.0,7714.26,27505.158951,211737376.85348508,349636
1527897600000,2018-06-02,BTCUSDT,7521.01,7697.33,7437.0,7640.03,26720.690219,203370447.69065264,290131
1527811200000,2018-06-01,BTCUSDT,7485.01,7608.55,7355.54,7521.01,28259.124078,211458512.1230823,303069
1527724800000,2018-05-31,BTCUSDT,7382.07,7699.0,7327.51,7485.01,30776.063102,231017579.83413267,274399
1527638400000,2018-05-30,BTCUSDT,7467.98,7569.0,7260.5,7375.96,32041.583623,237956894.04949045,242079
1527552000000,2018-05-29,BTCUSDT,7099.0,7540.0,7032.95,7461.29,39407.21183,288070643.9128678,237359
1527465600000,2018-05-28,BTCUSDT,7338.99,7437.0,7058.02,7099.0,27219.438963,196788994.26580808,233392
1527379200000,2018-05-27,BTCUSDT,7334.0,7400.0,7231.11,7338.99,18706.945515,136710618.49801704,198341
1527292800000,2018-05-26,BTCUSDT,7456.99,7620.0,7300.0,7333.96,19464.086071,145636226.4590289,212344
1527206400000,2018-05-25,BTCUSDT,7578.99,7649.55,7308.15,7457.0,26739.95664,199749585.9695036,239025
1527120000000,2018-05-24,BTCUSDT,7501.95,7730.73,7266.99,7575.01,37845.446595,284286378.50810045,253694
1527033600000,2018-05-23,BTCUSDT,7977.12,8031.9,7425.0,7501.95,42910.666774,331238049.64074606,306812
1526947200000,2018-05-22,BTCUSDT,8386.89,8400.18,7935.11,7977.11,23710.902858,194335432.4375409,192154
1526860800000,2018-05-21,BTCUSDT,8526.97,8595.31,8305.0,8381.24,21516.596486,181750674.82134953,184158
1526774400000,2018-05-20,BTCUSDT,8233.49,8609.0,8163.9,8526.98,19957.057109,167440553.7493928,161265
1526688000000,2018-05-19,BTCUSDT,8238.01,8390.8,8095.73,8233.49,17193.424276,141878775.40909585,134185
1526601600000,2018-05-18,BTCUSDT,8038.82,8273.21,7911.9,8239.81,23476.158251,189870380.85778692,183913
1526515200000,2018-05-17,BTCUSDT,8330.0,8464.0,7979.0,8041.46,25439.844799,209489039.34104192,310780
1526428800000,2018-05-16,BTCUSDT,8462.0,8488.0,8083.01,8330.0,31130.718908,257056552.43007565,300842
1526342400000,2018-05-15,BTCUSDT,8663.37,8859.99,8401.3,8462.0,28126.956136,242341031.0616692,360379
1526256000000,2018-05-14,BTCUSDT,8679.71,8879.99,8277.0,8663.34,37389.666533,320583612.23009104,292731
1526169600000,2018-05-13,BTCUSDT,8475.44,8763.36,8298.0,8679.71,25632.869362,219455683.08035553,215590
1526083200000,2018-05-12,BTCUSDT,8405.94,8646.88,8153.0,8465.94,40241.32081,337899865.8601308,310305
1525996800000,2018-05-11,BTCUSDT,9002.21,9016.8,8341.0,8400.0,48227.048061,418859806.4816156,365538
1525910400000,2018-05-10,BTCUSDT,9310.0,9395.12,8970.0,9002.2,25055.063718,231595002.59561664,221075
1525824000000,2018-05-09,BTCUSDT,9178.0,9390.0,8965.0,9310.0,25673.524899,235736782.28825977,192337
1525737600000,2018-05-08,BTCUSDT,9365.0,9475.7,9060.54,9187.56,25533.831889,236418155.68693513,189159
1525651200000,2018-05-07,BTCUSDT,9661.02,9689.67,9181.0,9365.0,33787.640012,316015961.44182944,230754
1525564800000,2018-05-06,BTCUSDT,9863.99,9970.0,9417.03,9659.01,27690.351559,267359420.30359015,229309
1525478400000,2018-05-05,BTCUSDT,9714.0,10020.0,9682.0,9864.0,24990.018345,246807563.50646487,212076
1525392000000,2018-05-04,BTCUSDT,9750.0,9830.04,9520.85,9713.99,28681.588879,277565997.63316435,210165
1525305600000,2018-05-03,BTCUSDT,9247.81,9844.0,9168.4,9750.0,38768.388288,366028365.2271445,282581
1525219200000,2018-05-02,BTCUSDT,9071.48,9268.0,8970.2,9247.84,26123.543961,238421833.7581133,188258
1525132800000,2018-05-01,BTCUSDT,9246.01,9248.99,8800.49,9071.48,41018.463633,368688349.6216845,268741
1525046400000,2018-04-30,BTCUSDT,9417.04,9458.64,9124.99,9246.01,35002.033875,325019389.2499412,285951
1524960000000,2018-04-29,BTCUSDT,9348.0,9570.51,9163.74,9419.0,38149.850035,357004895.9636862,311494
1524873600000,2018-04-28,BTCUSDT,8915.35,9427.48,8870.0,9348.0,34759.62842,321653866.2001887,257288
1524787200000,2018-04-27,BTCUSDT,9267.03,9395.0,8889.0,8915.35,37241.347036,342805674.55176014,268471
1524700800000,2018-04-26,BTCUSDT,8869.99,9307.48,8651.62,9266.0,43300.304245,385046648.1378661,285850
1524614400000,2018-04-25,BTCUSDT,9618.96,9759.82,8730.0,8869.99,81110.037589,745137762.9688668,477363
1524528000000,2018-04-24,BTCUSDT,8934.0,9731.01,8922.0,9619.99,46268.790106,431210048.0625035,326608
1524441600000,2018-04-23,BTCUSDT,8785.7,8985.0,8745.0,8934.01,25838.114709,229754640.59668773,190944
1524355200000,2018-04-22,BTCUSDT,8915.31,9020.67,8727.68,8787.02,29458.25348,261804372.9093471,229871
1524268800000,2018-04-21,BTCUSDT,8852.12,9035.0,8565.0,8915.31,40872.229909,358915978.10403395,295374
1524182400000,2018-04-20,BTCUSDT,8273.84,8930.0,8177.09,8856.98,39795.337485,337288580.42571294,289687
1524096000000,2018-04-19,BTCUSDT,8173.99,8296.0,8080.0,8278.0,27113.847464,222675105.7884542,196821
1524009600000,2018-04-18,BTCUSDT,7890.96,8236.43,7868.0,8173.0,26969.04457,217649160.11017892,183472
1523923200000,2018-04-17,BTCUSDT,8064.92,8173.7,7825.4,7885.02,32152.603567,258221765.57371348,221228
1523836800000,2018-04-16,BTCUSDT,8355.07,8419.0,7867.0,8064.92,36664.069715,295817536.4749528,226748
1523750400000,2018-04-15,BTCUSDT,8004.0,8429.54,7999.02,8355.0,27946.720444,230287099.58430216,181778
1523664000000,2018-04-14,BTCUSDT,7877.48,8186.0,7810.0,7999.01,31621.286357,252868761.32061628,194500
1523577600000,2018-04-13,BTCUSDT,7922.99,8233.39,7732.0,7877.41,55044.523148,439884522.7119489,351905
1523491200000,2018-04-12,BTCUSDT,6953.78,8012.23,6743.2,7923.0,64861.595987,485176252.48933566,404588
1523404800000,2018-04-11,BTCUSDT,6839.56,6990.0,6787.0,6953.79,23997.871177,165264003.41270605,155607
1523318400000,2018-04-10,BTCUSDT,6781.55,6890.0,6656.0,6843.9,22326.728095,151417844.2663968,147755
1523232000000,2018-04-09,BTCUSDT,7011.04,7185.0,6611.0,6782.72,34078.297206,234309953.7503344,212669
1523145600000,2018-04-08,BTCUSDT,6895.81,7109.13,6880.0,7018.0,21427.673165,149967346.66269,152461
1523059200000,2018-04-07,BTCUSDT,6601.39,7070.0,6586.28,6895.8,32269.578267,222323863.54144785,178577
1522972800000,2018-04-06,BTCUSDT,6770.0,6850.0,6500.0,6601.39,27455.01192,182139799.80865908,162456
1522886400000,2018-04-05,BTCUSDT,6796.1,6902.0,6566.69,6770.76,39029.73146,263446941.1321242,238476
1522800000000,2018-04-04,BTCUSDT,7405.21,7427.52,6707.0,6796.1,42227.183804,297443582.7461225,277249
1522713600000,2018-04-03,BTCUSDT,7063.97,7520.0,7011.01,7405.21,37787.331811,277080072.7617128,248143
1522627200000,2018-04-02,BTCUSDT,6813.01,7125.0,6765.0,7056.0,32123.560072,224322159.41331607,206780
1522540800000,2018-04-01,BTCUSDT,6922.0,7049.98,6430.0,6813.01,44071.430463,297470498.81956285,260942
1522454400000,2018-03-31,BTCUSDT,6840.24,7223.36,6777.0,6923.91,36868.539087,258341534.47236213,240293
1522368000000,2018-03-30,BTCUSDT,7090.16,7292.43,6600.1,6840.23,65306.031976,450352009.170998,400057
1522281600000,2018-03-29,BTCUSDT,7949.3,7975.0,6941.11,7090.14,54620.915125,405591158.6323181,359537
1522195200000,2018-03-28,BTCUSDT,7795.51,8109.0,7728.0,7949.3,26401.33167,209186093.18317956,183620
1522108800000,2018-03-27,BTCUSDT,8134.22,8215.94,7730.0,7795.51,37427.64805,297609656.4404365,266540
1522022400000,2018-03-26,BTCUSDT,8470.14,8514.89,7831.0,8134.23,44033.59566,358429758.8731952,310462
1521936000000,2018-03-25,BTCUSDT,8531.25,8669.85,8365.77,8470.15,29001.769316,247023172.30795503,215660
1521849600000,2018-03-24,BTCUSDT,8898.04,8999.95,8491.0,8546.86,35466.609572,313254829.9051367,270300
1521763200000,2018-03-23,BTCUSDT,8720.0,8909.0,8269.0,8898.03,39991.007666,340755592.544531,278571
1521676800000,2018-03-22,BTCUSDT,8884.82,9100.0,8465.1,8722.9,40617.556809,354804129.3433086,276449
1521590400000,2018-03-21,BTCUSDT,8909.96,9177.01,8750.6,8885.0,39972.405371,358157473.3612324,293696
1521504000000,2018-03-20,BTCUSDT,8595.01,9050.0,8280.0,8909.98,44865.105835,387879393.4706143,298261
1521417600000,2018-03-19,BTCUSDT,8189.0,8705.23,8088.4,8600.0,55297.084942,462654338.98212785,360414
1521331200000,2018-03-18,BTCUSDT,7824.01,8317.4,7322.0,8189.99,59488.231711,458311733.5188204,423336
1521244800000,2018-03-17,BTCUSDT,8260.0,8348.62,7721.99,7824.8,33110.206329,265973111.6176285,292041
1521158400000,2018-03-16,BTCUSDT,8240.98,8611.64,7900.0,8260.0,38815.409893,322355002.16519487,255807
1521072000000,2018-03-15,BTCUSDT,8184.01,8430.0,7650.0,8240.98,52291.022277,422130717.47310126,400529
1520985600000,2018-03-14,BTCUSDT,9151.92,9333.78,7900.28,8170.0,49708.094108,426058009.75594646,399127
1520899200000,2018-03-13,BTCUSDT,9131.34,9474.0,8823.0,9150.0,40191.409358,367353984.7132836,342734
1520812800000,2018-03-12,BTCUSDT,9533.57,9888.88,8780.0,9131.34,42230.77793,395562731.86503726,336642
1520726400000,2018-03-11,BTCUSDT,8770.22,9740.0,8450.0,9533.57,44325.973386,403491260.9275316,333367
1520640000000,2018-03-10,BTCUSDT,9230.0,9490.0,8667.07,8770.22,37180.012857,341210248.41481787,288066
1520553600000,2018-03-09,BTCUSDT,9267.07,9410.0,8329.0,9227.0,64112.291407,567082901.1319405,462712
1520467200000,2018-03-08,BTCUSDT,9910.0,10099.0,9060.0,9271.64,41109.473226,394641280.63843673,336514
1520380800000,2018-03-07,BTCUSDT,10716.48,10899.0,9389.31,9910.0,50647.67108,514808033.4879209,396721
1520294400000,2018-03-06,BTCUSDT,11455.0,11455.0,10555.48,10716.48,29515.572363,323842216.64859617,250306
1520208000000,2018-03-05,BTCUSDT,11515.0,11710.0,11415.01,11454.0,15144.231063,174866951.39806527,164318
1520121600000,2018-03-04,BTCUSDT,11464.47,11565.0,11050.02,11515.0,17295.918653,194849579.12502077,168359
1520035200000,2018-03-03,BTCUSDT,11038.99,11544.0,11015.01,11464.48,21287.15328,241749497.9024717,190444
1519948800000,2018-03-02,BTCUSDT,10923.36,11200.0,10770.0,11039.0,23910.71009,262936307.0078576,211691
1519862400000,2018-03-01,BTCUSDT,10325.64,11060.41,10240.0,10920.0,25092.55393,268172535.3811293,230428
1519776000000,2018-02-28,BTCUSDT,10584.33,11098.0,10300.0,10326.76,30800.983782,327914696.13067526,277886
1519689600000,2018-02-27,BTCUSDT,10321.0,10870.0,10121.0,10569.04,30705.385123,324295371.1414657,240542
1519603200000,2018-02-26,BTCUSDT,9590.0,10444.32,9350.0,10324.0,34878.292756,347559259.73845184,285276
1519516800000,2018-02-25,BTCUSDT,9694.51,9847.0,9274.8,9590.0,28373.517586,271286599.1260862,233567
1519430400000,2018-02-24,BTCUSDT,10131.04,10496.97,9352.0,9694.51,40888.156299,405618586.64803785,337918
1519344000000,2018-02-23,BTCUSDT,9815.55,10435.0,9570.19,10131.04,57202.70237,571800753.4709765,467480
1519257600000,2018-02-22,BTCUSDT,10439.02,10933.44,9679.0,9811.04,67060.166483,682006373.869588,506273
1519171200000,2018-02-21,BTCUSDT,11195.07,11304.03,10200.0,10437.6,68113.818754,731537130.492186,542340
1519084800000,2018-02-20,BTCUSDT,11147.11,11786.01,11100.59,11200.99,48153.354288,551573232.2429588,432197
1518998400000,2018-02-19,BTCUSDT,10375.01,11250.0,10270.33,11153.0,40831.417131,443766562.68306607,366882
1518912000000,2018-02-18,BTCUSDT,11039.55,11274.0,10080.0,10383.43,61137.380728,649423311.3100228,537534
1518825600000,2018-02-17,BTCUSDT,10156.07,11075.07,10050.0,11039.55,41882.108407,446012696.1692673,413585
1518739200000,2018-02-16,BTCUSDT,10000.89,10323.37,9666.0,10159.98,38161.205974,381103299.2238848,405310
1518652800000,2018-02-15,BTCUSDT,9449.98,10219.5,9301.5,10000.09,52427.596715,512388484.73178285,608349
1518566400000,2018-02-14,BTCUSDT,8535.17,9489.6,8533.0,9449.99,40811.952867,370126692.728233,514897
1518480000000,2018-02-13,BTCUSDT,8903.0,8950.0,8351.0,8539.9,35454.972956,305165143.6969234,401893
1518393600000,2018-02-12,BTCUSDT,8063.82,8989.0,8053.0,8903.0,41987.85049,362440826.9943769,477660
1518307200000,2018-02-11,BTCUSDT,8533.99,8549.0,7726.53,8063.88,45025.187952,366966437.2498885,524626
1518220800000,2018-02-10,BTCUSDT,8683.93,9065.78,8120.0,8533.98,49381.512653,423411421.93098,537578
1518134400000,2018-02-09,BTCUSDT,7789.9,8738.0,7789.9,8683.92,20482.910825,173348469.81187892,273091
1518048000000,2018-02-08,BTCUSDT,7599.0,7844.0,7572.09,7784.02,1521.537318,11770168.04386595,12417
1517961600000,2018-02-07,BTCUSDT,7655.02,8476.0,7150.01,7599.0,60778.460497,477935038.8117769,514893
1517875200000,2018-02-06,BTCUSDT,6939.63,7878.0,6000.01,7652.14,100201.500307,684364276.3666689,785996
1517788800000,2018-02-05,BTCUSDT,8179.99,8382.8,6625.0,6939.99,63403.182579,471166218.7134473,533510
1517702400000,2018-02-04,BTCUSDT,9199.96,9368.0,7930.0,8184.81,32014.308449,274912288.421322,356134
1517616000000,2018-02-03,BTCUSDT,8873.03,9473.01,8229.0,9199.96,28725.000735,256834729.0599109,327519
1517529600000,2018-02-02,BTCUSDT,9224.52,9250.0,8010.02,8873.03,49971.626975,434236483.7044874,453411
1517443200000,2018-02-01,BTCUSDT,10285.1,10335.0,8750.99,9224.52,33564.764311,317636345.9843711,316020
1517356800000,2018-01-31,BTCUSDT,10230.0,10425.85,9700.0,10285.1,18015.956805,181644207.11316264,201422
1517270400000,2018-01-30,BTCUSDT,11250.11,11308.42,9900.0,10237.51,25554.372946,268978329.50861526,259212
1517184000000,2018-01-29,BTCUSDT,11879.95,11975.02,11139.55,11251.0,14170.377538,162110154.87880376,169199
1517097600000,2018-01-28,BTCUSDT,11499.98,12244.0,11408.0,11879.95,16887.339524,200211582.9434541,206247
1517011200000,2018-01-27,BTCUSDT,11089.0,11650.0,10842.69,11491.0,18860.768345,212663199.53348225,207478
1516924800000,2018-01-26,BTCUSDT,11184.7,11643.0,10311.15,11089.0,33056.87196,360482470.17375433,314720
1516838400000,2018-01-25,BTCUSDT,11349.96,11794.05,10950.21,11175.27,20839.954183,236081364.97365227,221040
1516752000000,2018-01-24,BTCUSDT,10799.14,11570.48,10500.0,11349.99,27158.587762,299470607.4302002,293429
1516665600000,2018-01-23,BTCUSDT,10760.05,11399.0,9905.0,10799.18,37473.922552,399419413.2329807,355286
1516579200000,2018-01-22,BTCUSDT,11530.0,11926.35,9900.24,10760.05,43752.606791,475716514.20869696,363264
1516492800000,2018-01-21,BTCUSDT,12799.8,12799.8,10965.0,11530.0,41379.773426,485289230.8188924,360207
1516406400000,2018-01-20,BTCUSDT,11474.98,13099.0,11412.45,12799.94,28768.857827,358561107.78097045,251647
1516320000000,2018-01-19,BTCUSDT,10960.0,11795.0,10360.0,11474.98,34129.375421,382773499.2265792,273271
1516233600000,2018-01-18,BTCUSDT,10972.59,11878.82,10435.33,10961.97,48464.434937,541289614.0584047,393112
1516147200000,2018-01-17,BTCUSDT,10899.99,11680.99,9037.94,10988.79,72331.796646,744154180.1312059,517293
1516060800000,2018-01-16,BTCUSDT,13500.0,13542.93,9035.0,10900.0,63401.169175,722150828.1494024,418243
1515974400000,2018-01-15,BTCUSDT,13477.98,14249.99,13147.79,13539.93,14652.094705,200614554.538343,145362
1515888000000,2018-01-14,BTCUSDT,14210.0,14339.5,12569.2,13474.99,17017.894329,226525305.12938112,152364
1515801600000,2018-01-13,BTCUSDT,13749.95,14580.0,13706.15,14210.0,12221.508528,173086488.54788405,123639
1515715200000,2018-01-12,BTCUSDT,13238.76,14109.78,12500.0,13740.01,16417.162137,222516076.27145907,134452
1515628800000,2018-01-11,BTCUSDT,14940.0,14968.68,11400.0,13238.78,33554.723751,446587594.6937379,239416
1515542400000,2018-01-10,BTCUSDT,14401.0,14955.66,13131.31,14907.09,17411.001655,244011366.763028,161476
1515456000000,2018-01-09,BTCUSDT,14902.54,15500.0,14011.05,14400.0,14315.004253,210630187.45766863,156656
1515369600000,2018-01-08,BTCUSDT,16218.85,16322.3,12812.0,14902.54,26600.609912,396569997.15746266,208642
1515283200000,2018-01-07,BTCUSDT,17069.79,17099.96,15610.0,16150.03,12493.125558,206194706.37068355,120269
1515196800000,2018-01-06,BTCUSDT,16960.39,17143.13,16011.21,17069.79,18571.457508,309216920.9864104,158242
1515110400000,2018-01-05,BTCUSDT,15059.56,17176.24,14600.0,16960.39,23251.491125,369321956.4868375,192969
1515024000000,2018-01-04,BTCUSDT,14919.51,15280.0,13918.04,15059.54,21329.649574,312781583.79830784,170310
1514937600000,2018-01-03,BTCUSDT,14690.0,15307.56,14150.0,14919.51,15905.667639,236116868.33619007,162787
1514851200000,2018-01-02,BTCUSDT,13382.16,15473.49,12890.02,14675.11,20078.092111,279717107.4337192,177728
1514764800000,2018-01-01,BTCUSDT,13715.65,13818.55,12750.0,13380.0,8609.915844,114799747.44197056,105595
1514678400000,2017-12-31,BTCUSDT,12345.1,14050.11,12149.98,13716.36,11768.989718,155283285.36704132,138893
1514592000000,2017-12-30,BTCUSDT,14378.99,14398.85,11750.0,12440.01,19221.158039,247803953.75248587,190204
1514505600000,2017-12-29,BTCUSDT,14199.14,14981.0,13850.0,14378.9,18072.008116,260911629.21807677,142100
1514419200000,2017-12-28,BTCUSDT,15459.97,15539.99,13150.0,14182.11,21717.858014,303401227.98652,178032
1514332800000,2017-12-27,BTCUSDT,15709.98,16498.05,14200.15,15459.99,14959.864723,231229932.48204055,142202
1514246400000,2017-12-26,BTCUSDT,13699.34,16050.0,13533.0,15689.01,15034.668104,224843731.89656883,133133
1514160000000,2017-12-25,BTCUSDT,13500.0,14300.0,12708.0,13699.34,15748.207607,213139657.6289145,116416
1514073600000,2017-12-24,BTCUSDT,13300.0,13819.99,11640.0,13500.0,28557.534988,365709589.60302895,173557
1513987200000,2017-12-23,BTCUSDT,13326.61,14950.0,12978.18,13300.0,13141.538875,184759685.33206663,135005
1513900800000,2017-12-22,BTCUSDT,15514.03,15699.34,10961.0,13326.61,36076.271175,477509934.71828645,243261
1513814400000,2017-12-21,BTCUSDT,16480.52,17309.5,14022.0,15492.64,20324.2173,320176825.29037607,117731
1513728000000,2017-12-20,BTCUSDT,17295.2,17720.35,14777.66,16488.98,13450.496693,221193892.50223887,129762
1513641600000,2017-12-19,BTCUSDT,18856.25,18950.0,16300.0,17295.2,13210.74822,232790625.92336664,116569
1513555200000,2017-12-18,BTCUSDT,18860.04,19300.0,17029.98,18856.25,10624.633071,196339245.745198,91956
1513468800000,2017-12-17,BTCUSDT,19120.19,19798.68,18510.0,18860.02,9177.183434,175867439.47045135,84581
1513382400000,2017-12-16,BTCUSDT,17516.81,19539.0,17190.01,19102.66,4202.628709,76293721.36508314,51777
1513296000000,2017-12-15,BTCUSDT,16334.98,17991.0,16298.45,17539.83,9181.273947,159809704.04408672,85478
1513209600000,2017-12-14,BTCUSDT,16030.34,16445.0,15450.0,16334.98,11616.867151,186092495.1834846,86150
1513123200000,2017-12-13,BTCUSDT,16349.99,16546.0,14666.56,16033.29,12416.328801,196769674.31153056,83847
1513036800000,2017-12-12,BTCUSDT,16587.97,16976.45,15875.0,16349.99,9436.802411,155716213.09834388,76032
1512950400000,2017-12-11,BTCUSDT,14946.26,17470.0,14901.08,16587.97,11820.401762,193045127.9036004,71373
1512864000000,2017-12-10,BTCUSDT,14664.01,15720.12,12368.0,14899.98,16553.037173,233767963.46201488,80669
1512777600000,2017-12-09,BTCUSDT,15880.01,16269.3,12535.0,14656.07,13918.758687,205372672.98786432,66738
1512691200000,2017-12-08,BTCUSDT,16599.0,17204.99,14015.0,15880.0,17589.013136,271586476.6191432,84727
1512604800000,2017-12-07,BTCUSDT,13541.01,16649.96,13050.0,16599.0,7487.065695,109555325.34649764,57541
1512518400000,2017-12-06,BTCUSDT,11699.99,13615.23,11665.58,13550.05,6707.946319,84409526.69576178,40196
1512432000000,2017-12-05,BTCUSDT,11571.03,11853.0,11447.68,11699.99,5550.732055,64721253.04527842,31317
1512345600000,2017-12-04,BTCUSDT,11165.41,11600.0,10802.0,11579.0,4663.424562,52814985.63993067,32232
1512259200000,2017-12-03,BTCUSDT,10902.69,11825.0,10500.0,11165.41,5346.636524,60350708.29332783,39335
1512172800000,2017-12-02,BTCUSDT,10775.04,11190.0,10620.0,10890.01,4765.439757,52046689.84006951,29694
1512086400000,2017-12-01,BTCUSDT,9837.0,10898.0,9380.0,10782.99,6134.923633,62260697.58291551,32375
1512000000000,2017-11-30,BTCUSDT,9687.88,10900.0,8850.8,9838.96,9389.574329,91430904.34116387,41153
1511913600000,2017-11-29,BTCUSDT,9896.79,11300.03,8520.0,9687.88,13352.538715,135976167.45757934,47894
1511827200000,2017-11-28,BTCUSDT,9650.0,9939.0,9570.5,9896.8,4917.210985,48235644.0576554,18923
1511740800000,2017-11-27,BTCUSDT,9128.0,9654.28,9112.04,9650.0,4521.625707,42961064.95202934,22806
1511654400000,2017-11-26,BTCUSDT,8700.04,9350.0,8604.72,9128.02,4147.380237,37138533.83941873,19268
1511568000000,2017-11-25,BTCUSDT,8138.99,8734.78,8090.0,8700.01,4292.623682,36093005.20140187,18632
1511481600000,2017-11-24,BTCUSDT,8019.97,8369.0,7850.0,8138.0,4411.789112,35840264.45804051,19754
1511395200000,2017-11-23,BTCUSDT,8233.03,8260.0,8000.0,8019.99,4093.952687,33400702.99957629,16625
1511308800000,2017-11-22,BTCUSDT,8091.09,8322.68,8091.09,8205.92,3545.00571,29124078.47217724,14752
1511222400000,2017-11-21,BTCUSDT,8212.49,8400.0,7801.0,8119.51,4544.474016,37074997.58090905,20798
1511136000000,2017-11-20,BTCUSDT,8057.11,8319.99,7954.0,8212.0,3886.634348,31567135.38731295,20101
1511049600000,2017-11-19,BTCUSDT,7761.94,8123.15,7650.33,8038.0,3867.340444,30322635.7689457,14897
1510963200000,2017-11-18,BTCUSDT,7680.01,7819.99,7422.0,7761.94,3954.266477,30334498.31525712,18383
1510876800000,2017-11-17,BTCUSDT,7876.98,7989.0,7451.0,7699.19,3982.395925,31024092.61951179,22012
1510790400000,2017-11-16,BTCUSDT,7240.14,7940.0,7076.0,7864.5,2331.95675,17499577.25815967,14961
1510704000000,2017-11-15,BTCUSDT,6575.99,7298.0,6575.99,7240.06,1779.605845,12446186.45092821,10313
1510617600000,2017-11-14,BTCUSDT,6465.99,6684.98,6311.07,6574.99,1254.292531,8168729.97122799,10476
1510531200000,2017-11-13,BTCUSDT,5839.94,6697.47,5699.99,6465.99,2621.243039,16498136.09913936,16165
1510444800000,2017-11-12,BTCUSDT,6245.05,6630.0,5325.01,5811.03,4968.483069,29711508.60084671,31069
1510358400000,2017-11-11,BTCUSDT,6503.0,6797.98,6100.0,6245.05,2754.156861,17681445.46474999,17840
1510272000000,2017-11-10,BTCUSDT,7079.0,7279.91,6255.01,6506.98,3254.704105,22083345.18396158,18889
1510185600000,2017-11-09,BTCUSDT,7303.01,7392.0,7015.0,7079.99,1913.398308,13798534.34721742,13818
1510099200000,2017-11-08,BTCUSDT,7070.0,7770.02,6651.0,7303.0,2822.298802,20491286.19840822,24381
1510012800000,2017-11-07,BTCUSDT,6981.72,7198.49,6901.0,7064.04,1440.259494,10173272.33780804,13132
1509926400000,2017-11-06,BTCUSDT,7345.1,7401.0,6906.0,6960.12,1763.019261,12673524.6216398,13525
1509840000000,2017-11-05,BTCUSDT,7357.27,7590.25,7279.02,7345.01,1207.83233,9000403.86573288,11090
1509753600000,2017-11-04,BTCUSDT,7115.02,7480.99,6901.0,7357.09,1399.191767,10064538.39659038,13395
1509667200000,2017-11-03,BTCUSDT,7010.31,7346.34,6923.0,7115.04,1891.497592,13614451.74654126,15375
1509580800000,2017-11-02,BTCUSDT,6753.98,7300.0,6685.1,7019.98,2503.610803,17369001.33091877,20222
1509494400000,2017-11-01,BTCUSDT,6463.0,6774.67,6338.02,6753.98,1675.615188,10951171.07254041,16775
1509408000000,2017-10-31,BTCUSDT,6120.52,6498.01,6100.0,6463.0,1511.774925,9487640.8400991,12503
1509321600000,2017-10-30,BTCUSDT,6133.01,6248.68,6030.0,6120.5,1473.687043,9030219.28673499,9027
1509235200000,2017-10-29,BTCUSDT,5709.98,6189.88,5648.01,6169.98,1804.778173,10620967.62459168,10651
1509148800000,2017-10-28,BTCUSDT,5768.79,5850.02,5630.03,5719.64,1276.754412,7308076.01911184,8556
1509062400000,2017-10-27,BTCUSDT,5861.77,5980.0,5649.24,5768.83,1403.706416,8167069.73635031,8305
1508976000000,2017-10-26,BTCUSDT,5670.1,5939.99,5650.0,5861.77,1972.965882,11417126.63602561,11429
1508889600000,2017-10-25,BTCUSDT,5506.92,5704.96,5286.98,5689.99,2282.813205,12544847.89154201,12026
1508803200000,2017-10-24,BTCUSDT,5909.47,5925.0,5450.0,5477.03,2580.418767,14564495.85056032,13075
1508716800000,2017-10-23,BTCUSDT,5975.0,6080.0,5621.03,5915.93,1812.557715,10607190.98072695,10736
1508630400000,2017-10-22,BTCUSDT,6003.27,6060.0,5720.03,5950.02,1362.092216,8035415.37335629,8846
1508544000000,2017-10-21,BTCUSDT,6013.72,6171.0,5850.03,6024.97,1664.307693,10114821.44026351,10182
1508457600000,2017-10-20,BTCUSDT,5683.31,6110.0,5600.0,6010.01,1972.97722,11486552.1888066,11656
1508371200000,2017-10-19,BTCUSDT,5513.0,5710.0,5490.26,5683.9,1881.722107,10609368.77338359,11553
1508284800000,2017-10-18,BTCUSDT,5595.0,5596.0,5037.95,5512.06,2317.804373,12456909.97604373,14824
1508198400000,2017-10-17,BTCUSDT,5760.0,5774.98,5508.63,5595.0,1429.869376,8041662.31881055,9755
1508112000000,2017-10-16,BTCUSDT,5710.0,5788.91,5585.19,5760.02,1528.996462,8701914.79553535,9153
1508025600000,2017-10-15,BTCUSDT,5855.03,5922.3,5400.01,5709.99,1343.523375,7553650.20132813,7452
1507939200000,2017-10-14,BTCUSDT,5650.0,5900.0,5580.01,5869.99,970.759046,5533972.4859947,6259
1507852800000,2017-10-13,BTCUSDT,5439.99,5846.17,5379.84,5649.98,1879.82762,10597340.30104987,11663
1507766400000,2017-10-12,BTCUSDT,4821.43,5439.99,4810.16,5430.0,1276.701482,6659759.29119366,8030
1507680000000,2017-10-11,BTCUSDT,4783.06,4881.61,4710.0,4821.43,753.429396,3609240.90903919,5895
1507593600000,2017-10-10,BTCUSDT,4786.95,4960.0,4680.59,4783.06,1043.221773,5044283.86347582,11967
1507507200000,2017-10-09,BTCUSDT,4640.0,4889.98,4550.0,4786.95,646.463145,3040508.90436387,10372
1507420800000,2017-10-08,BTCUSDT,4425.0,4658.0,4425.0,4640.0,518.462004,2347356.46944654,7580
1507334400000,2017-10-07,BTCUSDT,4369.0,4479.5,4312.56,4423.0,297.5975,1302533.21459281,4804
1507248000000,2017-10-06,BTCUSDT,4318.99,4417.0,4292.0,4369.0,506.529176,2212035.12414239,6546
1507161600000,2017-10-05,BTCUSDT,4208.59,4355.0,4110.0,4292.43,779.138638,3295532.82397779,9158
1507075200000,2017-10-04,BTCUSDT,4314.9,4373.0,4142.0,4208.59,868.465101,3676415.10054891,11006
1506988800000,2017-10-03,BTCUSDT,4380.0,4467.33,4180.8,4310.0,1082.323563,4627422.74283879,12379
1506902400000,2017-10-02,BTCUSDT,4400.0,4561.63,4360.0,4380.0,655.756974,2905282.77570845,8185
1506816000000,2017-10-01,BTCUSDT,4378.49,4406.52,4240.04,4378.48,726.963685,3137143.89184457,9816
1506729600000,2017-09-30,BTCUSDT,4175.0,4380.0,4138.1,4378.51,720.353183,3088354.40084536,9324
1506643200000,2017-09-29,BTCUSDT,4178.98,4263.86,3952.01,4174.69,1602.309565,6571746.35900076,14834
1506556800000,2017-09-28,BTCUSDT,4192.11,4300.0,4101.0,4174.5,849.785325,3553178.87037354,11426
1506470400000,2017-09-27,BTCUSDT,3882.36,4249.94,3872.81,4193.0,628.170966,2554629.81447101,8373
1506384000000,2017-09-26,BTCUSDT,3928.0,3976.99,3850.05,3882.35,526.727987,2061195.57868009,7971
1506297600000,2017-09-25,BTCUSDT,3660.02,3979.87,3653.69,3920.75,727.994713,2784170.85318322,9740
1506211200000,2017-09-24,BTCUSDT,3779.54,3789.99,3622.76,3660.02,661.63639,2445788.43620041,8724
1506124800000,2017-09-23,BTCUSDT,3595.88,3817.19,3542.91,3780.0,752.792791,2799706.99951511,8402
1506038400000,2017-09-22,BTCUSDT,3592.84,3750.0,3505.55,3595.87,838.966425,3031771.43292849,8152
1505952000000,2017-09-21,BTCUSDT,3889.99,3910.0,3567.0,3609.99,1001.654084,3757043.07821264,8714
1505865600000,2017-09-20,BTCUSDT,3910.04,4046.08,3820.0,3900.0,720.935076,2839584.45308804,7231
1505779200000,2017-09-19,BTCUSDT,4060.0,4089.97,3830.91,3910.04,902.332129,3558315.19743872,7342
1505692800000,2017-09-18,BTCUSDT,3690.0,4123.2,3690.0,4035.01,1030.006455,4069033.05715863,8220
1505606400000,2017-09-17,BTCUSDT,3685.23,3748.21,3499.02,3699.99,682.17121,2466490.27859466,6355
1505520000000,2017-09-16,BTCUSDT,3674.01,3950.0,3470.66,3714.95,1297.563953,4804878.24721283,8809
1505433600000,2017-09-15,BTCUSDT,3188.01,3856.0,2817.0,3700.0,1968.866492,6588767.18669446,10445
1505347200000,2017-09-14,BTCUSDT,3944.0,3993.0,3165.13,3189.02,1665.021543,5914261.40460825,9066
1505260800000,2017-09-13,BTCUSDT,4159.72,4165.38,3760.0,3944.69,913.462545,3570365.92571669,5019
1505174400000,2017-09-12,BTCUSDT,4208.6,4394.59,4040.8,4163.72,879.630319,3725190.62328952,6501
1505088000000,2017-09-11,BTCUSDT,4153.62,4334.43,4098.91,4208.47,699.989065,2956842.76250147,4228
1505001600000,2017-09-10,BTCUSDT,4258.81,4283.0,3801.0,4130.37,660.373275,2700371.80819211,3435
1504915200000,2017-09-09,BTCUSDT,4282.8,4426.62,4150.06,4258.81,658.782952,2815383.46568698,3777
1504828800000,2017-09-08,BTCUSDT,4691.66,4735.39,4028.93,4282.8,1132.255046,4866527.22639337,4733
1504742400000,2017-09-07,BTCUSDT,4619.77,4788.59,4438.19,4691.61,500.429975,2305795.13638315,3070
1504656000000,2017-09-06,BTCUSDT,4366.49,4662.87,4335.26,4619.77,807.363726,3626346.05544323,7956
1504569600000,2017-09-05,BTCUSDT,4106.97,4484.99,3603.0,4366.47,1228.938157,5083453.18675071,10084
1504483200000,2017-09-04,BTCUSDT,4505.0,4527.49,3972.51,4100.11,1394.644614,5909947.49008974,9317
1504396800000,2017-09-03,BTCUSDT,4508.5,4714.76,4298.33,4509.08,691.216198,3121052.75230181,6022
1504310400000,2017-09-02,BTCUSDT,4796.16,4939.19,4286.87,4472.14,929.148595,4257723.944817,7475
1504224000000,2017-09-01,BTCUSDT,4689.89,4885.55,4654.88,4834.91,560.666366,2665165.55924616,4000
1504137600000,2017-08-31,BTCUSDT,4555.14,4745.42,4555.14,4724.89,556.956802,2579878.72401184,4161
1504051200000,2017-08-30,BTCUSDT,4564.52,4647.51,4416.01,4555.14,808.468771,3683714.68666123,5551
1503964800000,2017-08-29,BTCUSDT,4353.65,4625.85,4313.55,4587.48,603.545028,2682483.73582991,4159
1503878400000,2017-08-28,BTCUSDT,4310.01,4399.82,4124.54,4386.69,603.841616,2591660.52579953,4349
1503792000000,2017-08-27,BTCUSDT,4332.51,4400.0,4285.54,4310.01,350.692585,1521580.06202557,3670
1503705600000,2017-08-26,BTCUSDT,4280.71,4367.0,4212.41,4337.44,228.108068,977865.7333321,2260
1503619200000,2017-08-25,BTCUSDT,4316.01,4453.91,4247.48,4280.68,573.61274,2484637.34936327,6554
1503532800000,2017-08-24,BTCUSDT,4147.0,4371.68,4085.01,4316.01,787.418753,3296476.41316476,6247
1503446400000,2017-08-23,BTCUSDT,4040.0,4265.8,4013.89,4114.01,1001.136565,4148686.46581968,8629
1503360000000,2017-08-22,BTCUSDT,4016.0,4104.82,3400.0,4040.0,966.684858,3752505.77214051,6494
1503273600000,2017-08-21,BTCUSDT,4069.13,4119.62,3911.79,4016.0,691.74306,2797231.71402728,3972
1503187200000,2017-08-20,BTCUSDT,4120.98,4211.08,4032.62,4086.29,467.083022,1930364.39032646,2321
1503100800000,2017-08-19,BTCUSDT,4108.37,4184.69,3850.0,4139.98,381.309763,1549483.73542151,2153
1503014400000,2017-08-18,BTCUSDT,4285.08,4371.52,3938.77,4108.37,1199.888264,5086958.30617151,5233
1502928000000,2017-08-17,BTCUSDT,4261.48,4485.39,4200.74,4285.08,795.150377,3454770.05073206,3427
